0	0	-147	
0	0	-147	
0	0	-147	
0	0	-147	
0	0	-147	
0	0	-147	
0	0	-147	
0	0	-147	
0	0	-147	
0	0	-147	
0	0	-147	
0	0	-147	
0	0	-147	
0	0	-147	
0	0	-147	
0	0	-147	
0	0	-147	
0	0	-147	
0	0	-147	
0	0	-147	
0	0	-147	
0	0	-147	
0	0	-147	
0	0	-147	
0	0	-147	
0	0	-147	
0	0	-147	
0	0	-147	
0	0	-147	
0	0	-147	
0	0	-147	
0	0	-147	
0	0	-147	
0	0	-147	
0	0	-147	
0	0	-147	
0	0	-147	
0	0	-147	
0	0	-147	
0	0	-147	
0	0	-147	
0	0	-147	
0	0	-147	
0	0	-147	
0	0	-147	
0	0	-147	
0	0	-147	
0	0	-147	
0	0	-147	
0	0	-147	
0	0	-147	
0	0	-147	
0	0	-147	
0	0	-147	
0	0	-147	
0	0	-147	
0	0	-147	
0	0	-147	
0	0	-147	
0	0	-147	
0	0	-147	
0	0	-147	
0	0	-147	
0	0	-147	
0	0	-147	
0	0	-147	
0	0	-147	
0	0	-147	
0	0	-147	
0	0	-147	
0	0	-147	
0	0	-147	
0	0	-147	
0	0	-147	
0	0	-147	
0	0	-147	
0	0	-147	
0	0	-147	
0	0	-147	
0	0	-147	
0	0	-147	
0	0	-147	
0	0	-147	
0	0	-147	
0	0	-147	
0	0	-147	
0	0	-147	
0	0	-147	
0	0	-147	
0	0	-147	
0	0	-147	
0	0	-147	
0	0	-147	
0	0	-147	
0	0	-147	
0	0	-147	
0	0	-147	
0	0	-147	
0	0	-147	
0	0	-147	
0	0	-147	
0	0	-147	
0	0	-147	
0	0	-147	
0	0	-147	
0	0	-147	
0	0	-147	
0	0	-147	
0	0	-147	
0	0	-147	
0	0	-147	
0	0	-147	
0	0	-147	
0	0	-147	
0	0	-147	
0	0	-147	
0	0	-147	
0	0	-147	
0	0	-147	
0	0	-147	
0	0	-147	
0	0	-147	
0	0	-147	
0	0	-147	
0	0	-147	
0	0	-147	
0	0	-147	
0	0	-147	
0	0	-147	
0	0	-147	
0	0	-147	
0	0	-147	
0	0	-147	
0	0	-147	
0	0	-147	
0	0	-147	
0	0	-147	
0	0	-147	
0	0	-147	
0	0	-147	
0	0	-147	
0	0	-147	
0	0	-147	
0	0	-147	
0	0	-147	
0	0	-147	
0	0	-147	
0	0	-147	
0	0	-147	
0	0	-147	
0	0	-147	
0	0	-147	
0	0	-147	
0	0	-147	
0	0	-147	
0	0	-147	
0	0	-147	
0	0	-147	
0	0	-147	
0	0	-147	
0	0	-147	
0	0	-147	
0	0	-147	
0	0	-147	
0	0	-147	
0	0	-147	
0	0	-147	
0	0	-147	
0	0	-147	
0	0	-147	
0	0	-147	
0	0	-147	
0	0	-147	
0	0	-147	
0	0	-147	
0	0	-147	
0	0	-147	
0	0	-147	
0	0	-147	
0	0	-147	
0	0	-147	
0	0	-147	
0	0	-147	
0	0	-147	
0	0	-147	
0	0	-147	
0	0	-147	
0	0	-147	
0	0	-147	
0	0	-147	
0	0	-147	
0	0	-147	
0	0	-147	
0	0	-147	
0	0	-147	
0	0	-147	
0	0	-147	
0	0	-147	
0	0	-147	
0	0	-147	
0	0	-147	
0	0	-147	
0	0	-147	
0	0	-147	
0	0	-147	
0	0	-147	
0	0	-147	
0	0	-147	
0	0	-147	
0	0	-147	
0	0	-147	
0	0	-147	
0	0	-147	
0	0	-147	
0	0	-147	
0	0	-147	
0	0	-147	
0	0	-147	
0	0	-147	
0	0	-147	
0	0	-147	
0	0	-147	
0	0	-147	
0	0	-147	
0	0	-147	
0	0	-147	
0	0	-147	
0	0	-147	
0	0	-147	
0	0	-147	
0	0	-147	
0	0	-147	
0	0	-147	
0	0	-147	
0	0	-147	
0	0	-147	
0	0	-147	
0	0	-147	
0	0	-147	
0	0	-147	
0	0	-147	
0	0	-147	
0	0	-147	
0	0	-147	
0	0	-147	
0	0	-147	
0	0	-147	
0	0	-147	
0	0	-147	
0	0	-147	
0	0	-147	
0	0	-147	
0	0	-147	
0	0	-147	
0	0	-147	
0	0	-147	
0	0	-147	
0	0	-147	
0	0	-147	
0	0	-147	
0	0	-147	
0	0	-147	
0	0	-147	
0	0	-147	
0	0	-147	
0	0	-147	
0	0	-147	
0	0	-147	
0	0	-147	
0	0	-147	
0	0	-147	
0	0	-147	
0	0	-147	
0	0	-147	
0	0	-147	
0	0	-147	
0	0	-147	
0	0	-147	
0	0	-147	
0	0	-147	
0	0	-147	
0	0	-147	
0	0	-147	
0	0	-147	
0	0	-147	
0	0	-147	
0	0	-147	
0	0	-147	
0	0	-147	
0	0	-147	
0	0	-147	
0	0	-147	
0	0	-147	
0	0	-147	
0	0	-147	
0	0	-147	
0	0	-147	
0	0	-147	
0	0	-147	
0	0	-147	
0	0	-147	
0	0	-147	
0	0	-147	
0	0	-147	
0	0	-147	
0	0	-147	
0	0	-147	
0	0	-147	
0	0	-147	
0	0	-147	
0	0	-147	
0	0	-147	
0	0	-147	
0	0	-147	
0	0	-147	
0	0	-147	
0	0	-147	
0	0	-147	
0	0	-147	
0	0	-147	
0	0	-147	
0	0	-147	
0	0	-147	
0	0	-147	
0	0	-147	
0	0	-147	
0	0	-147	
0	0	-147	
0	0	-147	
0	0	-147	
0	0	-147	
0	0	-147	
0	0	-147	
0	0	-147	
0	0	-147	
0	0	-147	
0	0	-147	
0	0	-147	
0	0	-147	
0	0	-147	
0	0	-147	
0	0	-147	
0	0	-147	
0	0	-147	
0	0	-147	
0	0	-147	
0	0	-147	
0	0	-147	
0	0	-147	
0	0	-147	
0	0	-147	
0	0	-147	
0	0	-147	
0	0	-147	
0	0	-147	
0	0	-147	
0	0	-147	
0	0	-147	
0	0	-147	
0	0	-147	
0	0	-147	
0	0	-147	
0	0	-147	
0	0	-147	
0	0	-147	
0	0	-147	
0	0	-147	
0	0	-147	
0	0	-147	
0	0	-147	
0	0	-147	
0	0	-7.3016	
0	0	-7.30387	
0	0	-7.30591	
0	0	-7.30774	
0	0	-7.30955	
0	0	-7.31153	
0	0	-7.31325	
0	0	-7.31452	
0	0	-7.31529	
0	0	-7.31602	
0	0	-7.31675	
0	0	-7.31748	
0	0	-7.31811	
0	0	-7.3187	
0	0	-7.31928	
0	0	-7.31986	
0	0	-7.32044	
0	0	-7.32101	
0	0	-7.32157	
0	0	-7.32212	
0	0	-7.32266	
0	0	-7.3232	
0	0	-7.32374	
0	0	-7.32433	
0	0	-7.32499	
0	0	-7.32564	
0	0	-7.32628	
0	0	-7.3269	
0	0	-7.32752	
0	0	-7.32814	
0	0	-7.32879	
0	0	-7.32956	
0	0	-7.3305	
0	0	-7.33154	
0	0	-7.33273	
0	0	-7.33418	
0	0	-7.33597	
0	0	-7.33814	
0	0	-7.34073	
0	0	-7.34377	
0	0	-7.34728	
0	0	-7.3487	
0	0	-7.34411	
0	0	-7.3389	
0	0	-7.33301	
0	0	-7.32641	
0	0	-7.31908	
0	0	-7.311	
0	0	-7.30218	
0	0	-7.29257	
0	0	-7.28215	
0	0	-7.27089	
0	0	-7.25877	
0	0	-7.24576	
0	0	-7.23186	
0	0	-7.21692	
0	0	-7.20071	
0	0	-7.18308	
0	0	-7.1639	
0	0	-7.14305	
0	0	-7.1204	
0	0	-7.09586	
0	0	-7.06933	
0	0	-7.04075	
0	0	-7.01006	
0	0	-6.97722	
0	0	-6.9424	
0	0	-6.90504	
0	0	-6.86524	
0	0	-6.82294	
0	0	-6.77815	
0	0	-6.73081	
0	0	-6.68093	
0	0	-6.62851	
0	0	-6.57352	
0	0	-6.51596	
0	0	-6.45555	
0	0	-6.3929	
0	0	-6.32791	
0	0	-6.26063	
0	0	-6.19111	
0	0	-6.11941	
0	0	-6.04563	
0	0	-5.96983	
0	0	-5.89214	
0	0	-5.81264	
0	0	-5.73145	
0	0	-5.6487	
0	0	-5.56449	
0	0	-5.47897	
0	0	-5.39225	
0	0	-5.30447	
0	0	-5.21578	
0	0	-5.12629	
0	0	-5.03615	
0	0	-4.94549	
0	0	-4.85445	
0	0	-4.76318	
0	0	-4.67183	
0	0	-4.58059	
0	0	-4.48945	
0	0	-4.39852	
0	0	-4.30782	
0	0	-4.21763	
0	0	-4.12804	
0	0	-4.03915	
0	0	-3.95104	
0	0	-3.8638	
0	0	-3.77751	
0	0	-3.69225	
0	0	-3.60811	
0	0	-3.5252	
0	0	-3.44347	
0	0	-3.36307	
0	0	-3.28398	
0	0	-3.20626	
0	0	-3.12992	
0	0	-3.05489	
0	0	-2.98139	
0	0	-2.90938	
0	0	-2.8389	
0	0	-2.76994	
0	0	-2.70252	
0	0	-2.63663	
0	0	-2.57228	
0	0	-2.50947	
0	0	-2.44819	
0	0	-2.38844	
0	0	-2.3302	
0	0	-2.27348	
0	0	-2.21824	
0	0	-2.16448	
0	0	-2.11219	
0	0	-2.06134	
0	0	-2.01192	
0	0	-1.96396	
0	0	-1.91742	
0	0	-1.87223	
0	0	-1.82835	
0	0	-1.78577	
0	0	-1.74444	
0	0	-1.70434	
0	0	-1.66544	
0	0	-1.6277	
0	0	-1.59111	
0	0	-1.55562	
0	0	-1.52121	
0	0	-1.48785	
0	0	-1.45552	
0	0	-1.42419	
0	0	-1.39382	
0	0	-1.36438	
0	0	-1.3358	
0	0	-1.30805	
0	0	-1.28109	
0	0	-1.25489	
0	0	-1.22941	
0	0	-1.20464	
0	0	-1.18054	
0	0	-1.1571	
0	0	-1.1343	
0	0	-1.11212	
0	0	-1.09056	
0	0	-1.0696	
0	0	-1.04923	
0	0	-1.02942	
0	0	-1.01019	
0	0	-0.991592	
0	0	-0.973641	
0	0	-0.956115	
0	0	-0.939133	
0	0	-0.922677	
0	0	-0.906746	
0	0	-0.891333	
0	0	-0.876428	
0	0	-0.861924	
0	0	-0.847923	
0	0	-0.834399	
0	0	-0.821339	
0	0	-0.808686	
0	0	-0.796573	
0	0	-0.784933	
0	0	-0.773739	
0	0	-0.762977	
0	0	-0.752625	
0	0	-0.742667	
0	0	-0.73319	
0	0	-0.724119	
0	0	-0.71549	
0	0	-0.707249	
0	0	-0.699406	
0	0	-0.691968	
0	0	-0.684873	
0	0	-0.67815	
0	0	-0.671754	
0	0	-0.665713	
0	0	-0.66001	
0	0	-0.654635	
0	0	-0.649604	
0	0	-0.644861	
0	0	-0.64049	
0	0	-0.636438	
0	0	-0.632724	
0	0	-0.629247	
0	0	-0.626091	
0	0	-0.623252	
0	0	-0.620738	
0	0	-0.618489	
0	0	-0.616471	
0	0	-0.614777	
0	0	-0.613343	
0	0	-0.612198	
0	0	-0.611327	
0	0	-0.610726	
0	0	-0.610402	
0	0	-0.610358	
0	0	-0.610519	
0	0	-0.611077	
0	0	-0.611896	
0	0	-0.612978	
0	0	-0.614324	
0	0	-0.615932	
0	0	-0.617803	
0	0	-0.619939	
0	0	-0.622339	
0	0	-0.625006	
0	0	-0.627942	
0	0	-0.631149	
0	0	-0.634629	
0	0	-0.638383	
0	0	-0.642416	
0	0	-0.64673	
0	0	-0.651329	
0	0	-0.656216	
0	0	-0.661396	
0	0	-0.666871	
0	0	-0.672647	
0	0	-0.678729	
0	0	-0.685121	
0	0	-0.691831	
0	0	-0.698865	
0	0	-0.70623	
0	0	-0.713931	
0	0	-0.721979	
0	0	-0.73033	
0	0	-0.739043	
0	0	-0.748116	
0	0	-0.757544	
0	0	-0.767383	
0	0	-0.777604	
0	0	-0.788217	
0	0	-0.799232	
0	0	-0.810659	
0	0	-0.822511	
0	0	-0.834799	
0	0	-0.847546	
0	0	-0.860699	
0	0	-0.874322	
0	0	-0.888422	
0	0	-0.903007	
0	0	-0.918081	
0	0	-0.933648	
0	0	-0.949777	
0	0	-0.96643	
0	0	-0.983624	
0	0	-1.00137	
0	0	-1.01969	
0	0	-1.03861	
0	0	-1.05808	
0	0	-1.07814	
0	0	-1.09886	
0	0	-1.12021	
0	0	-1.1422	
0	0	-1.16485	
0	0	-1.18815	
0	0	-1.21214	
0	0	-1.23684	
0	0	-1.26213	
0	0	-1.2882	
0	0	-1.31498	
0	0	-1.34249	
0	0	-1.37072	
0	0	-1.39968	
0	0	-1.42938	
0	0	-1.45982	
0	0	-1.49101	
0	0	-1.52294	
0	0	-1.5556	
0	0	-1.58898	
0	0	-1.62308	
0	0	-1.65787	
0	0	-1.69332	
0	0	-1.72941	
0	0	-1.76638	
0	0	-1.804	
0	0	-1.84223	
0	0	-1.88111	
0	0	-1.92037	
0	0	-1.9602	
0	0	-2.00054	
0	0	-147	
0	0	-147	
0	0	-147	
0	0	-147	
0	0	-147	
0	0	-147	
0	0	-147	
0	0	-147	
0	0	-147	
0	0	-147	
0	0	-147	
0	0	-147	
0	0	-147	
0	0	-147	
0	0	-147	
0	0	-147	
0	0	-147	
0	0	-147	
0	0	-147	
0	0	-147	
0	0	-147	
0	0	-147	
0	0	-147	
0	0	-147	
0	0	-147	
0	0	-147	
0	0	-147	
0	0	-147	
0	0	-147	
0	0	-147	
0	0	-147	
0	0	-147	
0	0	-147	
0	0	-147	
0	0	-147	
0	0	-147	
0	0	-147	
0	0	-147	
0	0	-147	
0	0	-147	
0	0	-147	
0	0	-147	
0	0	-147	
0	0	-147	
0	0	-147	
0	0	-147	
0	0	-147	
0	0	-147	
0	0	-147	
0	0	-147	
0	0	-147	
0	0	-147	
0	0	-147	
0	0	-147	
0	0	-147	
0	0	-147	
0	0	-147	
0	0	-147	
0	0	-147	
0	0	-147	
0	0	-147	
0	0	-147	
0	0	-147	
0	0	-147	
0	0	-147	
0	0	-147	
0	0	-147	
0	0	-147	
0	0	-147	
0	0	-147	
0	0	-147	
0	0	-147	
0	0	-147	
0	0	-147	
0	0	-147	
0	0	-147	
0	0	-147	
0	0	-147	
0	0	-147	
0	0	-147	
0	0	-147	
0	0	-147	
0	0	-147	
0	0	-147	
0	0	-147	
0	0	-147	
0	0	-147	
0	0	-147	
0	0	-147	
0	0	-147	
0	0	-147	
0	0	-147	
0	0	-147	
0	0	-147	
0	0	-147	
0	0	-147	
0	0	-147	
0	0	-147	
0	0	-147	
0	0	-147	
0	0	-147	
0	0	-147	
0	0	-147	
0	0	-147	
0	0	-147	
0	0	-147	
0	0	-147	
0	0	-147	
0	0	-147	
0	0	-147	
0	0	-147	
0	0	-147	
0	0	-147	
0	0	-147	
0	0	-147	
0	0	-147	
0	0	-147	
0	0	-147	
0	0	-147	
0	0	-147	
0	0	-147	
0	0	-147	
0	0	-147	
0	0	-147	
0	0	-147	
0	0	-147	
0	0	-147	
0	0	-147	
0	0	-147	
0	0	-147	
0	0	-147	
0	0	-147	
0	0	-147	
0	0	-147	
0	0	-147	
0	0	-147	
0	0	-147	
0	0	-147	
0	0	-147	
0	0	-147	
0	0	-147	
0	0	-147	
0	0	-147	
0	0	-147	
0	0	-147	
0	0	-147	
0	0	-147	
0	0	-147	
0	0	-147	
0	0	-147	
0	0	-147	
0	0	-147	
0	0	-147	
0	0	-147	
0	0	-147	
0	0	-147	
0	0	-147	
0	0	-147	
0	0	-147	
0	0	-147	
0	0	-147	
0	0	-147	
0	0	-147	
0	0	-147	
0	0	-147	
0	0	-147	
0	0	-147	
0	0	-147	
0	0	-147	
0	0	-147	
0	0	-147	
0	0	-147	
0	0	-147	
0	0	-147	
0	0	-147	
0	0	-147	
0	0	-147	
0	0	-147	
0	0	-147	
0	0	-147	
0	0	-147	
0	0	-147	
0	0	-147	
0	0	-147	
0	0	-147	
0	0	-147	
0	0	-147	
0	0	-147	
0	0	-147	
0	0	-147	
0	0	-147	
0	0	-147	
0	0	-147	
0	0	-147	
0	0	-147	
0	0	-147	
0	0	-147	
0	0	-147	
0	0	-147	
0	0	-147	
0	0	-147	
0	0	-147	
0	0	-147	
0	0	-147	
0	0	-147	
0	0	-147	
0	0	-147	
0	0	-147	
0	0	-147	
0	0	-147	
0	0	-147	
0	0	-147	
0	0	-147	
0	0	-147	
0	0	-147	
0	0	-147	
0	0	-147	
0	0	-147	
0	0	-147	
0	0	-147	
0	0	-147	
0	0	-147	
0	0	-147	
0	0	-147	
0	0	-147	
0	0	-147	
0	0	-147	
0	0	-147	
0	0	-147	
0	0	-147	
0	0	-147	
0	0	-147	
0	0	-147	
0	0	-147	
0	0	-147	
0	0	-147	
0	0	-147	
0	0	-147	
0	0	-147	
0	0	-147	
0	0	-147	
0	0	-147	
0	0	-147	
0	0	-147	
0	0	-147	
0	0	-147	
0	0	-147	
0	0	-147	
0	0	-147	
0	0	-147	
0	0	-147	
0	0	-147	
0	0	-147	
0	0	-147	
0	0	-147	
0	0	-147	
0	0	-147	
0	0	-147	
0	0	-147	
0	0	-147	
0	0	-147	
0	0	-147	
0	0	-147	
0	0	-147	
0	0	-147	
0	0	-147	
0	0	-147	
0	0	-147	
0	0	-147	
0	0	-147	
0	0	-147	
0	0	-147	
0	0	-147	
0	0	-147	
0	0	-147	
0	0	-147	
0	0	-147	
0	0	-147	
0	0	-147	
0	0	-147	
0	0	-147	
0	0	-147	
0	0	-147	
0	0	-147	
0	0	-147	
0	0	-147	
0	0	-147	
0	0	-147	
0	0	-147	
0	0	-147	
0	0	-147	
0	0	-147	
0	0	-147	
0	0	-147	
0	0	-147	
0	0	-147	
0	0	-147	
0	0	-147	
0	0	-147	
0	0	-147	
0	0	-147	
0	0	-147	
0	0	-147	
0	0	-147	
0	0	-147	
0	0	-147	
0	0	-147	
0	0	-147	
0	0	-147	
0	0	-147	
0	0	-147	
0	0	-147	
0	0	-147	
0	0	-147	
0	0	-147	
0	0	-147	
0	0	-147	
0	0	-147	
0	0	-147	
0	0	-147	
0	0	-147	
0	0	-147	
0	0	-147	
0	0	-147	
0	0	-147	
0	0	-147	
0	0	-147	
0	0	-147	
0	0	-147	
0	0	-147	
0	0	-147	
0	0	-147	
0	0	-147	
0	0	-147	
0	0	-147	
0	0	-147	
0	0	-147	
0	0	-147	
0	0	-147	
0	0	-147	
0	0	-147	
0	0	-147	
0	0	-147	
0	0	-147	
0	0	-147	
0	0	-147	
0	0	-147	
0	0	-147	
0	0	-147	
0	0	-147	
0	0	-147	
0	0	-147	
0	0	-147	
0	0	-147	
0	0	-147	
0	0	-147	
0	0	-147	
0	0	-147	
0	0	-147	
0	0	-147	
0	0	-147	
0	0	-147	
0	0	-147	
0	0	-147	
0	0	-147	
0	0	-147	
0	0	-147	
0	0	-147	
0	0	-147	
0	0	-147	
0	0	-147	
0	0	-147	
0	0	-147	
0	0	-147	
0	0	-147	
0	0	-147	
0	0	-147	
0	0	-147	
0	0	-147	
0	0	-147	
0	0	-147	
0	0	-147	
0	0	-147	
0	0	-147	
0	0	-147	
0	0	-147	
0	0	-147	
0	0	-147	
0	0	-147	
0	0	-147	
0	0	-147	
0	0	-147	
0	0	-147	
0	0	-147	
0	0	-147	
0	0	-147	
0	0	-147	
0	0	-147	
0	0	-147	
0	0	-147	
0	0	-147	
0	0	-147	
0	0	-147	
0	0	-147	
0	0	-147	
0	0	-147	
0	0	-147	
0	0	-147	
0	0	-147	
0	0	-147	
0	0	-147	
0	0	-147	
0	0	-147	
0	0	-147	
0	0	-147	
0	0	-147	
0	0	-147	
0	0	-147	
0	0	-147	
0	0	-147	
0	0	-147	
0	0	-147	
0	0	-147	
0	0	-147	
0	0	-147	
0	0	-147	
0	0	-147	
0	0	-147	
0	0	-147	
0	0	-147	
0	0	-147	
0	0	-147	
0	0	-147	
0	0	-147	
0	0	-147	
0	0	-147	
0	0	-147	
0	0	-147	
0	0	-147	
0	0	-147	
0	0	-147	
0	0	-147	
0	0	-147	
0	0	-147	
0	0	-147	
0	0	-147	
0	0	-147	
0	0	-147	
0	0	-147	
0	0	-147	
0	0	-147	
0	0	-147	
0	0	-147	
0	0	-147	
0	0	-147	
0	0	-147	
0	0	-147	
0	0	-147	
0	0	-147	
0	0	-147	
0	0	-147	
0	0	-147	
0	0	-147	
0	0	-147	
0	0	-147	
0	0	-147	
0	0	-147	
0	0	-147	
0	0	-147	
0	0	-147	
0	0	-147	
0	0	-147	
0	0	-147	
0	0	-147	
0	0	-147	
0	0	-147	
0	0	-147	
0	0	-147	
0	0	-147	
0	0	-147	
0	0	-147	
0	0	-147	
0	0	-147	
0	0	-147	
0	0	-147	
0	0	-147	
0	0	-147	
0	0	-147	
0	0	-147	
0	0	-147	
0	0	-147	
0	0	-147	
0	0	-147	
0	0	-147	
0	0	-147	
0	0	-147	
0	0	-147	
0	0	-147	
0	0	-147	
0	0	-147	
0	0	-147	
0	0	-147	
0	0	-147	
0	0	-147	
0	0	-147	
0	0	-147	
0	0	-147	
0	0	-147	
0	0	-147	
0	0	-147	
0	0	-147	
0	0	-147	
0	0	-147	
0	0	-147	
0	0	-147	
0	0	-147	
0	0	-147	
0	0	-147	
0	0	-147	
0	0	-147	
0	0	-147	
0	0	-147	
0	0	-147	
0	0	-147	
0	0	-147	
0	0	-147	
0	0	-147	
0	0	-147	
0	0	-147	
0	0	-147	
0	0	-147	
0	0	-147	
0	0	-147	
0	0	-147	
0	0	-147	
0	0	-147	
0	0	-147	
0	0	-147	
0	0	-147	
0	0	-147	
0	0	-147	
0	0	-147	
0	0	-147	
0	0	-147	
0	0	-147	
0	0	-147	
0	0	-147	
0	0	-147	
0	0	-147	
0	0	-147	
0	0	-147	
0	0	-147	
0	0	-147	
0	0	-147	
0	0	-147	
0	0	-147	
0	0	-147	
0	0	-147	
0	0	-147	
0	0	-147	
0	0	-147	
0	0	-147	
0	0	-147	
0	0	-147	
0	0	-147	
0	0	-147	
0	0	-147	
0	0	-147	
0	0	-147	
0	0	-147	
0	0	-147	
0	0	-147	
0	0	-147	
0	0	-147	
0	0	-147	
0	0	-147	
0	0	-147	
0	0	-147	
0	0	-147	
0	0	-147	
0	0	-147	
0	0	-147	
0	0	-147	
0	0	-147	
0	0	-147	
0	0	-147	
0	0	-147	
0	0	-147	
0	0	-147	
0	0	-147	
0	0	-147	
0	0	-147	
0	0	-147	
0	0	-147	
0	0	-147	
0	0	-147	
0	0	-147	
0	0	-147	
0	0	-147	
0	0	-147	
0	0	-147	
0	0	-147	
0	0	-147	
0	0	-147	
0	0	-147	
0	0	-147	
0	0	-147	
0	0	-147	
0	0	-147	
0	0	-147	
0	0	-147	
0	0	-147	
0	0	-147	
0	0	-147	
0	0	-147	
0	0	-147	
0	0	-147	
0	0	-147	
0	0	-147	
0	0	-147	
0	0	-147	
0	0	-147	
0	0	-147	
0	0	-147	
0	0	-147	
0	0	-147	
0	0	-147	
0	0	-147	
0	0	-147	
0	0	-147	
0	0	-147	
0	0	-147	
0	0	-147	
0	0	-147	
0	0	-147	
0	0	-147	
0	0	-147	
0	0	-147	
0	0	-147	
0	0	-147	
0	0	-147	
0	0	-147	
0	0	-147	
0	0	-147	
0	0	-147	
0	0	-147	
0	0	-147	
0	0	-147	
0	0	-147	
0	0	-147	
0	0	-147	
0	0	-147	
0	0	-147	
0	0	-147	
0	0	-147	
0	0	-147	
0	0	-147	
0	0	-147	
0	0	-147	
0	0	-147	
0	0	-147	
0	0	-147	
0	0	-147	
0	0	-147	
0	0	-147	
0	0	-147	
0	0	-147	
0	0	-147	
0	0	-147	
0	0	-147	
0	0	-147	
0	0	-147	
0	0	-147	
0	0	-147	
0	0	-147	
0	0	-147	
0	0	-147	
0	0	-147	
0	0	-147	
0	0	-147	
0	0	-147	
0	0	-147	
0	0	-147	
0	0	-147	
0	0	-147	
0	0	-147	
0	0	-147	
0	0	-147	
0	0	-147	
0	0	-147	
0	0	-147	
0	0	-147	
0	0	-147	
0	0	-147	
0	0	-147	
0	0	-147	
0	0	-147	
0	0	-147	
0	0	-147	
0	0	-147	
0	0	-147	
0	0	-147	
0	0	-147	
0	0	-147	
0	0	-147	
0	0	-147	
0	0	-147	
0	0	-147	
0	0	-147	
0	0	-147	
0	0	-147	
0	0	-147	
0	0	-147	
0	0	-147	
0	0	-147	
0	0	-147	
0	0	-147	
0	0	-147	
0	0	-147	
0	0	-147	
0	0	-147	
0	0	-147	
0	0	-147	
0	0	-147	
0	0	-147	
0	0	-147	
0	0	-147	
0	0	-147	
0	0	-147	
0	0	-147	
0	0	-147	
0	0	-147	
0	0	-147	
0	0	-147	
0	0	-147	
0	0	-147	
0	0	-147	
0	0	-147	
0	0	-147	
0	0	-147	
0	0	-147	
0	0	-147	
0	0	-147	
0	0	-147	
0	0	-147	
0	0	-147	
0	0	-147	
0	0	-147	
0	0	-147	
0	0	-147	
0	0	-147	
0	0	-147	
0	0	-147	
0	0	-147	
0	0	-147	
0	0	-147	
0	0	-147	
0	0	-147	
0	0	-147	
0	0	-147	
0	0	-147	
0	0	-147	
0	0	-147	
0	0	-147	
0	0	-147	
0	0	-147	
0	0	-147	
0	0	-147	
0	0	-147	
0	0	-147	
0	0	-147	
0	0	-147	
0	0	-147	
0	0	-147	
0	0	-147	
0	0	-147	
0	0	-147	
0	0	-147	
0	0	-147	
0	0	-147	
0	0	-147	
0	0	-147	
0	0	-147	
0	0	-147	
0	0	-147	
0	0	-147	
0	0	-147	
0	0	-147	
0	0	-147	
0	0	-147	
0	0	-147	
0	0	-147	
0	0	-147	
0	0	-147	
0	0	-147	
0	0	-147	
0	0	-147	
0	0	-147	
0	0	-147	
0	0	-147	
0	0	-147	
0	0	-147	
0	0	-147	
0	0	-147	
0	0	-147	
0	0	-147	
0	0	-147	
0	0	-147	
0	0	-147	
0	0	-147	
0	0	-147	
0	0	-147	
0	0	-147	
0	0	-147	
0	0	-147	
0	0	-147	
0	0	-147	
0	0	-147	
0	0	-147	
0	0	-147	
0	0	-147	
0	0	-147	
0	0	-147	
0	0	-147	
0	0	-147	
0	0	-147	
0	0	-147	
0	0	-147	
0	0	-147	
0	0	-147	
0	0	-147	
0	0	-147	
0	0	-147	
0	0	-147	
0	0	-147	
0	0	-147	
0	0	-147	
0	0	-147	
0	0	-147	
0	0	-147	
0	0	-147	
0	0	-147	
0	0	-147	
0	0	-147	
0	0	-147	
0	0	-147	
0	0	-147	
0	0	-147	
0	0	-147	
0	0	-147	
0	0	-147	
0	0	-147	
0	0	-147	
0	0	-147	
0	0	-147	
0	0	-147	
0	0	-147	
0	0	-147	
0	0	-147	
0	0	-147	
0	0	-147	
0	0	-147	
0	0	-147	
0	0	-147	
0	0	-147	
0	0	-147	
0	0	-147	
0	0	-147	
0	0	-147	
0	0	-147	
0	0	-147	
0	0	-147	
0	0	-147	
0	0	-147	
0	0	-147	
0	0	-147	
0	0	-147	
0	0	-147	
0	0	-147	
0	0	-147	
0	0	-147	
0	0	-147	
0	0	-147	
0	0	-147	
0	0	-147	
0	0	-147	
0	0	-147	
0	0	-147	
0	0	-147	
0	0	-147	
0	0	-147	
0	0	-147	
0	0	-147	
0	0	-147	
0	0	-147	
0	0	-147	
0	0	-147	
0	0	-147	
0	0	-147	
0	0	-147	
0	0	-147	
0	0	-147	
0	0	-147	
0	0	-147	
0	0	-147	
0	0	-147	
0	0	-147	
0	0	-147	
0	0	-147	
0	0	-147	
0	0	-147	
0	0	-147	
0	0	-147	
0	0	-147	
0	0	-147	
0	0	-147	
0	0	-147	
0	0	-147	
0	0	-147	
0	0	-147	
0	0	-147	
0	0	-147	
0	0	-147	
0	0	-147	
0	0	-147	
0	0	-147	
0	0	-147	
0	0	-147	
0	0	-147	
0	0	-147	
0	0	-147	
0	0	-147	
0	0	-147	
0	0	-147	
0	0	-147	
0	0	-147	
0	0	-147	
0	0	-147	
0	0	-147	
0	0	-147	
0	0	-147	
0	0	-147	
0	0	-147	
0	0	-147	
0	0	-147	
0	0	-147	
0	0	-147	
0	0	-147	
0	0	-147	
0	0	-147	
0	0	-147	
0	0	-147	
0	0	-147	
0	0	-147	
0	0	-147	
0	0	-147	
0	0	-147	
0	0	-147	
0	0	-147	
0	0	-147	
0	0	-147	
0	0	-147	
0	0	-147	
0	0	-147	
0	0	-147	
0	0	-147	
0	0	-147	
0	0	-147	
0	0	-147	
0	0	-147	
0	0	-147	
0	0	-147	
0	0	-147	
0	0	-147	
0	0	-147	
0	0	-147	
0	0	-147	
0	0	-147	
0	0	-147	
0	0	-147	
0	0	-147	
0	0	-147	
0	0	-147	
0	0	-147	
0	0	-147	
0	0	-147	
0	0	-147	
0	0	-147	
0	0	-147	
0	0	-147	
0	0	-147	
0	0	-147	
0	0	-147	
0	0	-147	
0	0	-147	
0	0	-147	
0	0	-147	
0	0	-147	
0	0	-147	
0	0	-147	
0	0	-147	
0	0	-147	
0	0	-147	
0	0	-147	
0	0	-147	
0	0	-147	
0	0	-147	
0	0	-147	
0	0	-147	
0	0	-147	
0	0	-147	
0	0	-147	
0	0	-147	
0	0	-147	
0	0	-147	
0	0	-147	
0	0	-147	
0	0	-147	
0	0	-147	
0	0	-147	
0	0	-147	
0	0	-147	
0	0	-147	
0	0	-147	
0	0	-147	
0	0	-147	
0	0	-147	
0	0	-147	
0	0	-147	
0	0	-147	
0	0	-147	
0	0	-147	
0	0	-147	
0	0	-147	
0	0	-147	
0	0	-147	
0	0	-147	
0	0	-147	
0	0	-147	
0	0	-147	
0	0	-147	
0	0	-147	
0	0	-147	
0	0	-147	
0	0	-147	
0	0	-147	
0	0	-147	
0	0	-147	
0	0	-147	
0	0	-147	
0	0	-147	
0	0	-147	
0	0	-147	
0	0	-147	
0	0	-147	
0	0	-147	
0	0	-147	
0	0	-147	
0	0	-147	
0	0	-147	
0	0	-147	
0	0	-147	
0	0	-147	
0	0	-147	
0	0	-147	
0	0	-147	
0	0	-147	
0	0	-147	
0	0	-147	
0	0	-147	
0	0	-147	
0	0	-147	
0	0	-147	
0	0	-147	
0	0	-147	
0	0	-147	
0	0	-147	
0	0	-147	
0	0	-147	
0	0	-147	
0	0	-147	
0	0	-147	
0	0	-147	
0	0	-147	
0	0	-147	
0	0	-147	
0	0	-147	
0	0	-147	
0	0	-147	
0	0	-147	
0	0	-147	
0	0	-147	
0	0	-147	
0	0	-147	
0	0	-147	
0	0	-147	
0	0	-147	
0	0	-147	
0	0	-147	
0	0	-147	
0	0	-147	
0	0	-147	
0	0	-147	
0	0	-147	
0	0	-147	
0	0	-147	
0	0	-147	
0	0	-147	
0	0	-147	
0	0	-147	
0	0	-147	
0	0	-147	
0	0	-147	
0	0	-147	
0	0	-147	
0	0	-147	
0	0	-147	
0	0	-147	
0	0	-147	
0	0	-147	
0	0	-147	
0	0	-147	
0	0	-147	
0	0	-147	
0	0	-147	
0	0	-147	
0	0	-147	
0	0	-147	
0	0	-147	
0	0	-147	
0	0	-147	
0	0	-147	
0	0	-147	
0	0	-147	
0	0	-147	
0	0	-147	
0	0	-147	
0	0	-147	
0	0	-147	
0	0	-147	
0	0	-147	
0	0	-147	
0	0	-147	
0	0	-147	
0	0	-147	
0	0	-147	
0	0	-147	
0	0	-147	
0	0	-147	
0	0	-147	
0	0	-147	
0	0	-147	
0	0	-147	
0	0	-147	
0	0	-147	
0	0	-147	
0	0	-147	
0	0	-147	
0	0	-147	
0	0	-147	
0	0	-147	
0	0	-147	
0	0	-147	
0	0	-147	
0	0	-147	
0	0	-147	
0	0	-147	
0	0	-147	
0	0	-147	
0	0	-147	
0	0	-147	
0	0	-147	
0	0	-147	
0	0	-147	
0	0	-147	
0	0	-147	
0	0	-147	
0	0	-147	
0	0	-147	
0	0	-147	
0	0	-147	
0	0	-147	
0	0	-147	
0	0	-147	
0	0	-147	
0	0	-147	
0	0	-147	
0	0	-147	
0	0	-147	
0	0	-147	
0	0	-147	
0	0	-147	
0	0	-147	
0	0	-147	
0	0	-147	
0	0	-147	
0	0	-147	
0	0	-147	
0	0	-147	
0	0	-147	
0	0	-7.33158	
0	0	-7.33294	
0	0	-7.334	
0	0	-7.33416	
0	0	-7.33432	
0	0	-7.33447	
0	0	-7.33434	
0	0	-7.33319	
0	0	-7.32959	
0	0	-7.33167	
0	0	-7.33468	
0	0	-7.33477	
0	0	-7.33311	
0	0	-7.32846	
0	0	-7.33048	
0	0	-7.33303	
0	0	-7.32925	
0	0	-7.33058	
0	0	-7.33269	
0	0	-7.3261	
0	0	-7.32635	
0	0	-7.32668	
0	0	-7.32703	
0	0	-7.3274	
0	0	-7.32782	
0	0	-7.32828	
0	0	-7.32866	
0	0	-7.32901	
0	0	-7.32951	
0	0	-7.33016	
0	0	-7.33101	
0	0	-7.33216	
0	0	-7.33421	
0	0	-7.33435	
0	0	-7.3345	
0	0	-7.33454	
0	0	-7.33394	
0	0	-7.33214	
0	0	-7.33328	
0	0	-7.33344	
0	0	-7.3336	
0	0	-7.33375	
0	0	-7.33352	
0	0	-7.33224	
0	0	-7.33262	
0	0	-7.33279	
0	0	-7.33295	
0	0	-7.33311	
0	0	-7.33325	
0	0	-7.33325	
0	0	-7.33244	
0	0	-7.32572	
0	0	-7.32601	
0	0	-7.3263	
0	0	-7.32657	
0	0	-7.32683	
0	0	-7.32709	
0	0	-7.32735	
0	0	-7.3276	
0	0	-7.32785	
0	0	-7.32809	
0	0	-7.32833	
0	0	-7.32857	
0	0	-7.32879	
0	0	-7.32902	
0	0	-7.32924	
0	0	-7.32945	
0	0	-7.32966	
0	0	-7.32986	
0	0	-7.33006	
0	0	-7.33025	
0	0	-7.33043	
0	0	-7.33061	
0	0	-7.33079	
0	0	-7.33095	
0	0	-7.33111	
0	0	-7.33127	
0	0	-7.33142	
0	0	-7.33156	
0	0	-7.3317	
0	0	-7.33183	
0	0	-7.33196	
0	0	-7.33209	
0	0	-7.33224	
0	0	-7.33242	
0	0	-7.33268	
0	0	-7.33307	
0	0	-7.33363	
0	0	-7.3344	
0	0	-7.3354	
0	0	-7.33666	
0	0	-7.3382	
0	0	-7.34	
0	0	-7.3421	
0	0	-7.34444	
0	0	-7.34701	
0	0	-7.34976	
0	0	-7.34726	
0	0	-7.34405	
0	0	-7.34062	
0	0	-7.33695	
0	0	-7.33305	
0	0	-7.32893	
0	0	-7.32462	
0	0	-7.32013	
0	0	-7.31551	
0	0	-7.31086	
0	0	-7.30634	
0	0	-7.30219	
0	0	-7.29756	
0	0	-7.29271	
0	0	-7.28674	
0	0	-7.28202	
0	0	-7.27607	
0	0	-7.26911	
0	0	-7.26131	
0	0	-7.25275	
0	0	-7.24349	
0	0	-7.2339	
0	0	-7.2235	
0	0	-7.21259	
0	0	-7.20118	
0	0	-7.18987	
0	0	-7.17696	
0	0	-7.16233	
0	0	-7.14653	
0	0	-7.1297	
0	0	-7.11139	
0	0	-7.09195	
0	0	-7.07189	
0	0	-7.05087	
0	0	-7.02803	
0	0	-7.00507	
0	0	-6.98092	
0	0	-6.95572	
0	0	-6.92941	
0	0	-6.90196	
0	0	-6.87331	
0	0	-6.84322	
0	0	-6.81171	
0	0	-6.77876	
0	0	-6.74438	
0	0	-6.70868	
0	0	-6.67184	
0	0	-6.63424	
0	0	-6.59444	
0	0	-6.55647	
0	0	-6.51552	
0	0	-6.4729	
0	0	-6.4288	
0	0	-6.38331	
0	0	-6.33635	
0	0	-6.28764	
0	0	-6.23925	
0	0	-6.19019	
0	0	-6.14046	
0	0	-6.08859	
0	0	-6.03647	
0	0	-5.98679	
0	0	-5.93787	
0	0	-5.88608	
0	0	-5.83374	
0	0	-5.78133	
0	0	-5.73094	
0	0	-5.67975	
0	0	-5.62875	
0	0	-5.57805	
0	0	-5.52777	
0	0	-5.47974	
0	0	-5.43123	
0	0	-5.38329	
0	0	-5.33776	
0	0	-5.2918	
0	0	-5.2466	
0	0	-5.20221	
0	0	-5.16052	
0	0	-5.11837	
0	0	-5.07715	
0	0	-5.03881	
0	0	-4.99972	
0	0	-4.96156	
0	0	-4.92644	
0	0	-4.89035	
0	0	-4.85526	
0	0	-4.82094	
0	0	-4.78967	
0	0	-4.75709	
0	0	-4.72517	
0	0	-4.69708	
0	0	-4.66777	
0	0	-4.63883	
0	0	-4.61082	
0	0	-4.59037	
0	0	-4.56587	
0	0	-4.5426	
0	0	-4.52029	
0	0	-4.49839	
0	0	-4.47706	
0	0	-4.46137	
0	0	-4.44079	
0	0	-4.42142	
0	0	-4.40268	
0	0	-4.38438	
0	0	-4.37285	
0	0	-4.35432	
0	0	-4.33699	
0	0	-4.32021	
0	0	-4.30387	
0	0	-4.29642	
0	0	-4.27801	
0	0	-4.26261	
0	0	-4.25508	
0	0	-4.23863	
0	0	-4.22404	
0	0	-4.21265	
0	0	-4.2034	
0	0	-4.20154	
0	0	-4.1854	
0	0	-4.17235	
0	0	-4.16049	
0	0	-4.14975	
0	0	-4.1402	
0	0	-4.13129	
0	0	-4.12283	
0	0	-4.11469	
0	0	-4.10675	
0	0	-4.09944	
0	0	-4.0924	
0	0	-4.09592	
0	0	-4.07993	
0	0	-4.06777	
0	0	-4.05711	
0	0	-4.0471	
0	0	-4.03739	
0	0	-4.02783	
0	0	-4.01832	
0	0	-4.0088	
0	0	-3.99923	
0	0	-3.98959	
0	0	-3.97985	
0	0	-3.96998	
0	0	-3.9602	
0	0	-3.95094	
0	0	-3.9422	
0	0	-3.93388	
0	0	-3.92577	
0	0	-3.91769	
0	0	-3.90976	
0	0	-3.90199	
0	0	-3.89464	
0	0	-3.88752	
0	0	-3.87987	
0	0	-3.8723	
0	0	-3.86485	
0	0	-3.85754	
0	0	-3.85035	
0	0	-3.84327	
0	0	-3.83635	
0	0	-3.82916	
0	0	-3.82168	
0	0	-3.8303	
0	0	-3.82146	
0	0	-3.81298	
0	0	-3.80448	
0	0	-3.79621	
0	0	-3.78797	
0	0	-3.77953	
0	0	-3.77109	
0	0	-3.76385	
0	0	-3.7578	
0	0	-3.7529	
0	0	-3.74914	
0	0	-3.74648	
0	0	-3.7449	
0	0	-3.74444	
0	0	-3.74492	
0	0	-3.74634	
0	0	-3.74866	
0	0	-3.75186	
0	0	-3.75582	
0	0	-3.76061	
0	0	-3.76611	
0	0	-3.77239	
0	0	-3.77953	
0	0	-3.78707	
0	0	-3.79512	
0	0	-3.80386	
0	0	-3.81326	
0	0	-3.82334	
0	0	-3.83409	
0	0	-3.84552	
0	0	-3.85762	
0	0	-3.87041	
0	0	-3.88389	
0	0	-3.89807	
0	0	-3.91298	
0	0	-3.92861	
0	0	-3.9566	
0	0	-3.97251	
0	0	-3.98832	
0	0	-147	
0	0	-147	
0	0	-147	
0	0	-147	
0	0	-147	
0	0	-147	
0	0	-147	
0	0	-147	
0	0	-147	
0	0	-147	
0	0	-147	
0	0	-147	
0	0	-147	
0	0	-147	
0	0	-147	
0	0	-147	
0	0	-147	
0	0	-147	
0	0	-147	
0	0	-147	
0	0	-147	
0	0	-147	
0	0	-147	
0	0	-147	
0	0	-147	
0	0	-147	
0	0	-147	
0	0	-147	
0	0	-147	
0	0	-147	
0	0	-147	
0	0	-147	
0	0	-147	
0	0	-147	
0	0	-147	
0	0	-147	
0	0	-147	
0	0	-147	
0	0	-147	
0	0	-147	
0	0	-147	
0	0	-147	
0	0	-147	
0	0	-147	
0	0	-147	
0	0	-147	
0	0	-147	
0	0	-147	
0	0	-147	
0	0	-147	
0	0	-147	
0	0	-147	
0	0	-147	
0	0	-147	
0	0	-147	
0	0	-147	
0	0	-147	
0	0	-147	
0	0	-147	
0	0	-147	
0	0	-147	
0	0	-147	
0	0	-147	
0	0	-147	
0	0	-147	
0	0	-147	
0	0	-147	
0	0	-147	
0	0	-147	
0	0	-147	
0	0	-147	
0	0	-147	
0	0	-147	
0	0	-147	
0	0	-147	
0	0	-147	
0	0	-147	
0	0	-147	
0	0	-147	
0	0	-147	
0	0	-147	
0	0	-147	
0	0	-147	
0	0	-147	
0	0	-147	
0	0	-147	
0	0	-147	
0	0	-147	
0	0	-147	
0	0	-147	
0	0	-147	
0	0	-147	
0	0	-147	
0	0	-147	
0	0	-147	
0	0	-147	
0	0	-147	
0	0	-147	
0	0	-147	
0	0	-147	
0	0	-147	
0	0	-147	
0	0	-147	
0	0	-147	
0	0	-147	
0	0	-147	
0	0	-147	
0	0	-147	
0	0	-147	
0	0	-147	
0	0	-147	
0	0	-147	
0	0	-147	
0	0	-147	
0	0	-147	
0	0	-147	
0	0	-147	
0	0	-147	
0	0	-147	
0	0	-147	
0	0	-147	
0	0	-147	
0	0	-147	
0	0	-147	
0	0	-147	
0	0	-147	
0	0	-147	
0	0	-147	
0	0	-147	
0	0	-147	
0	0	-147	
0	0	-147	
0	0	-147	
0	0	-147	
0	0	-147	
0	0	-147	
0	0	-147	
0	0	-147	
0	0	-147	
0	0	-147	
0	0	-147	
0	0	-147	
0	0	-147	
0	0	-147	
0	0	-147	
0	0	-147	
0	0	-147	
0	0	-147	
0	0	-147	
0	0	-147	
0	0	-147	
0	0	-147	
0	0	-147	
0	0	-147	
0	0	-147	
0	0	-147	
0	0	-147	
0	0	-147	
0	0	-147	
0	0	-147	
0	0	-147	
0	0	-147	
0	0	-147	
0	0	-147	
0	0	-147	
0	0	-147	
0	0	-147	
0	0	-147	
0	0	-147	
0	0	-147	
0	0	-147	
0	0	-147	
0	0	-147	
0	0	-147	
0	0	-147	
0	0	-147	
0	0	-147	
0	0	-147	
0	0	-147	
0	0	-147	
0	0	-147	
0	0	-147	
0	0	-147	
0	0	-147	
0	0	-147	
0	0	-147	
0	0	-147	
0	0	-147	
0	0	-147	
0	0	-147	
0	0	-147	
0	0	-147	
0	0	-147	
0	0	-147	
0	0	-147	
0	0	-147	
0	0	-147	
0	0	-147	
0	0	-147	
0	0	-147	
0	0	-147	
0	0	-147	
0	0	-147	
0	0	-147	
0	0	-147	
0	0	-147	
0	0	-147	
0	0	-147	
0	0	-147	
0	0	-147	
0	0	-147	
0	0	-147	
0	0	-147	
0	0	-147	
0	0	-147	
0	0	-147	
0	0	-147	
0	0	-147	
0	0	-147	
0	0	-147	
0	0	-147	
0	0	-147	
0	0	-147	
0	0	-147	
0	0	-147	
0	0	-147	
0	0	-147	
0	0	-147	
0	0	-147	
0	0	-147	
0	0	-147	
0	0	-147	
0	0	-147	
0	0	-147	
0	0	-147	
0	0	-147	
0	0	-147	
0	0	-147	
0	0	-147	
0	0	-147	
0	0	-147	
0	0	-147	
0	0	-147	
0	0	-147	
0	0	-147	
0	0	-147	
0	0	-147	
0	0	-147	
0	0	-147	
0	0	-147	
0	0	-147	
0	0	-147	
0	0	-147	
0	0	-147	
0	0	-147	
0	0	-147	
0	0	-147	
0	0	-147	
0	0	-147	
0	0	-147	
0	0	-147	
0	0	-147	
0	0	-147	
0	0	-147	
0	0	-147	
0	0	-147	
0	0	-147	
0	0	-147	
0	0	-147	
0	0	-147	
0	0	-147	
0	0	-147	
0	0	-147	
0	0	-147	
0	0	-147	
0	0	-147	
0	0	-147	
0	0	-147	
0	0	-147	
0	0	-147	
0	0	-147	
0	0	-147	
0	0	-147	
0	0	-147	
0	0	-147	
0	0	-147	
0	0	-147	
0	0	-147	
0	0	-147	
0	0	-147	
0	0	-147	
0	0	-147	
0	0	-147	
0	0	-147	
0	0	-147	
0	0	-147	
0	0	-147	
0	0	-147	
0	0	-147	
0	0	-147	
0	0	-147	
0	0	-147	
0	0	-147	
0	0	-147	
0	0	-147	
0	0	-147	
0	0	-147	
0	0	-147	
0	0	-147	
0	0	-147	
0	0	-147	
0	0	-147	
0	0	-147	
0	0	-147	
0	0	-147	
0	0	-147	
0	0	-147	
0	0	-147	
0	0	-147	
0	0	-147	
0	0	-147	
0	0	-147	
0	0	-147	
0	0	-147	
0	0	-147	
0	0	-147	
0	0	-147	
0	0	-147	
0	0	-147	
0	0	-147	
0	0	-147	
0	0	-147	
0	0	-147	
0	0	-147	
0	0	-147	
0	0	-147	
0	0	-147	
0	0	-147	
0	0	-147	
0	0	-147	
0	0	-147	
0	0	-147	
0	0	-147	
0	0	-147	
0	0	-147	
0	0	-147	
0	0	-147	
0	0	-147	
0	0	-147	
0	0	-147	
0	0	-147	
0	0	-147	
0	0	-147	
0	0	-147	
0	0	-147	
0	0	-147	
0	0	-147	
0	0	-147	
0	0	-147	
0	0	-147	
0	0	-147	
0	0	-147	
0	0	-147	
0	0	-147	
0	0	-147	
0	0	-147	
0	0	-147	
0	0	-147	
0	0	-147	
0	0	-147	
0	0	-147	
0	0	-147	
0	0	-147	
0	0	-147	
0	0	-147	
0	0	-147	
0	0	-147	
0	0	-147	
0	0	-147	
0	0	-147	
0	0	-147	
0	0	-147	
0	0	-147	
0	0	-147	
0	0	-147	
0	0	-147	
0	0	-147	
0	0	-147	
0	0	-147	
0	0	-147	
0	0	-147	
0	0	-147	
0	0	-147	
0	0	-147	
0	0	-147	
0	0	-147	
0	0	-147	
0	0	-147	
0	0	-147	
0	0	-147	
0	0	-147	
0	0	-147	
0	0	-147	
0	0	-147	
0	0	-147	
0	0	-147	
0	0	-147	
0	0	-147	
0	0	-147	
0	0	-147	
0	0	-147	
0	0	-147	
0	0	-147	
0	0	-147	
0	0	-147	
0	0	-147	
0	0	-147	
0	0	-147	
0	0	-147	
0	0	-147	
0	0	-147	
0	0	-147	
0	0	-147	
0	0	-147	
0	0	-147	
0	0	-147	
0	0	-147	
0	0	-147	
0	0	-147	
0	0	-147	
0	0	-147	
0	0	-147	
0	0	-147	
0	0	-147	
0	0	-147	
0	0	-147	
0	0	-147	
0	0	-147	
0	0	-147	
0	0	-147	
0	0	-147	
0	0	-147	
0	0	-147	
0	0	-147	
0	0	-147	
0	0	-147	
0	0	-147	
0	0	-147	
0	0	-147	
0	0	-147	
0	0	-147	
0	0	-147	
0	0	-147	
0	0	-147	
0	0	-147	
0	0	-147	
0	0	-147	
0	0	-147	
0	0	-147	
0	0	-147	
0	0	-147	
0	0	-147	
0	0	-147	
0	0	-147	
0	0	-147	
0	0	-147	
0	0	-147	
0	0	-147	
0	0	-147	
0	0	-147	
0	0	-147	
0	0	-147	
0	0	-147	
0	0	-147	
0	0	-147	
0	0	-147	
0	0	-147	
0	0	-147	
0	0	-147	
0	0	-147	
0	0	-147	
0	0	-147	
0	0	-147	
0	0	-147	
0	0	-147	
0	0	-147	
0	0	-147	
0	0	-147	
0	0	-147	
0	0	-147	
0	0	-147	
0	0	-147	
0	0	-147	
0	0	-147	
0	0	-147	
0	0	-147	
0	0	-147	
0	0	-147	
0	0	-147	
0	0	-147	
0	0	-147	
0	0	-147	
0	0	-147	
0	0	-147	
0	0	-147	
0	0	-147	
0	0	-147	
0	0	-147	
0	0	-147	
0	0	-147	
0	0	-147	
0	0	-147	
0	0	-147	
0	0	-147	
0	0	-147	
0	0	-147	
0	0	-147	
0	0	-147	
0	0	-147	
0	0	-147	
0	0	-147	
0	0	-147	
0	0	-147	
0	0	-147	
0	0	-147	
0	0	-147	
0	0	-147	
0	0	-147	
0	0	-147	
0	0	-147	
0	0	-147	
0	0	-147	
0	0	-147	
0	0	-147	
0	0	-147	
0	0	-147	
0	0	-147	
0	0	-147	
0	0	-147	
0	0	-147	
0	0	-147	
0	0	-147	
0	0	-147	
0	0	-147	
0	0	-147	
0	0	-147	
0	0	-147	
0	0	-147	
0	0	-147	
0	0	-147	
0	0	-147	
0	0	-147	
0	0	-147	
0	0	-147	
0	0	-147	
0	0	-147	
0	0	-147	
0	0	-147	
0	0	-147	
0	0	-147	
0	0	-147	
0	0	-147	
0	0	-147	
0	0	-147	
0	0	-147	
0	0	-147	
0	0	-147	
0	0	-147	
0	0	-147	
0	0	-147	
0	0	-147	
0	0	-147	
0	0	-147	
0	0	-147	
0	0	-147	
0	0	-147	
0	0	-147	
0	0	-147	
0	0	-147	
0	0	-147	
0	0	-147	
0	0	-147	
0	0	-147	
0	0	-147	
0	0	-147	
0	0	-147	
0	0	-147	
0	0	-147	
0	0	-147	
0	0	-147	
0	0	-147	
0	0	-147	
0	0	-147	
0	0	-147	
0	0	-147	
0	0	-147	
0	0	-147	
0	0	-147	
0	0	-147	
0	0	-147	
0	0	-147	
0	0	-147	
0	0	-147	
0	0	-147	
0	0	-147	
0	0	-147	
0	0	-147	
0	0	-147	
0	0	-147	
0	0	-147	
0	0	-147	
0	0	-147	
0	0	-147	
0	0	-147	
0	0	-147	
0	0	-147	
0	0	-147	
0	0	-147	
0	0	-147	
0	0	-147	
0	0	-147	
0	0	-147	
0	0	-147	
0	0	-147	
0	0	-147	
0	0	-147	
0	0	-147	
0	0	-147	
0	0	-147	
0	0	-147	
0	0	-147	
0	0	-147	
0	0	-147	
0	0	-147	
0	0	-147	
0	0	-147	
0	0	-147	
0	0	-147	
0	0	-147	
0	0	-147	
0	0	-147	
0	0	-147	
0	0	-147	
0	0	-147	
0	0	-147	
0	0	-147	
0	0	-147	
0	0	-147	
0	0	-147	
0	0	-147	
0	0	-147	
0	0	-147	
0	0	-147	
0	0	-147	
0	0	-147	
0	0	-147	
0	0	-147	
0	0	-147	
0	0	-147	
0	0	-147	
0	0	-147	
0	0	-147	
0	0	-147	
0	0	-147	
0	0	-147	
0	0	-147	
0	0	-147	
0	0	-147	
0	0	-147	
0	0	-147	
0	0	-147	
0	0	-147	
0	0	-147	
0	0	-147	
0	0	-147	
0	0	-147	
0	0	-147	
0	0	-147	
0	0	-147	
0	0	-147	
0	0	-147	
0	0	-147	
0	0	-147	
0	0	-147	
0	0	-147	
0	0	-147	
0	0	-147	
0	0	-147	
0	0	-147	
0	0	-147	
0	0	-147	
0	0	-147	
0	0	-147	
0	0	-147	
0	0	-147	
0	0	-147	
0	0	-147	
0	0	-147	
0	0	-147	
0	0	-147	
0	0	-147	
0	0	-147	
0	0	-147	
0	0	-147	
0	0	-147	
0	0	-147	
0	0	-147	
0	0	-147	
0	0	-147	
0	0	-147	
0	0	-147	
0	0	-147	
0	0	-147	
0	0	-147	
0	0	-147	
0	0	-147	
0	0	-147	
0	0	-147	
0	0	-147	
0	0	-147	
0	0	-147	
0	0	-147	
0	0	-147	
0	0	-147	
0	0	-147	
0	0	-147	
0	0	-147	
0	0	-147	
0	0	-147	
0	0	-147	
0	0	-147	
0	0	-147	
0	0	-147	
0	0	-147	
0	0	-147	
0	0	-147	
0	0	-147	
0	0	-147	
0	0	-147	
0	0	-147	
0	0	-147	
0	0	-147	
0	0	-147	
0	0	-147	
0	0	-147	
0	0	-147	
0	0	-147	
0	0	-147	
0	0	-147	
0	0	-147	
0	0	-147	
0	0	-147	
0	0	-147	
0	0	-147	
0	0	-147	
0	0	-147	
0	0	-147	
0	0	-147	
0	0	-147	
0	0	-147	
0	0	-147	
0	0	-147	
0	0	-147	
0	0	-147	
0	0	-147	
0	0	-147	
0	0	-147	
0	0	-147	
0	0	-147	
0	0	-147	
0	0	-147	
0	0	-147	
0	0	-147	
0	0	-147	
0	0	-147	
0	0	-147	
0	0	-147	
0	0	-147	
0	0	-147	
0	0	-147	
0	0	-147	
0	0	-147	
0	0	-147	
0	0	-147	
0	0	-147	
0	0	-147	
0	0	-147	
0	0	-147	
0	0	-147	
0	0	-147	
0	0	-147	
0	0	-147	
0	0	-147	
0	0	-147	
0	0	-147	
0	0	-147	
0	0	-147	
0	0	-147	
0	0	-147	
0	0	-147	
0	0	-147	
0	0	-147	
0	0	-147	
0	0	-147	
0	0	-147	
0	0	-147	
0	0	-147	
0	0	-147	
0	0	-147	
0	0	-147	
0	0	-147	
0	0	-147	
0	0	-147	
0	0	-147	
0	0	-147	
0	0	-147	
0	0	-147	
0	0	-147	
0	0	-147	
0	0	-147	
0	0	-147	
0	0	-147	
0	0	-147	
0	0	-147	
0	0	-147	
0	0	-147	
0	0	-147	
0	0	-147	
0	0	-147	
0	0	-147	
0	0	-147	
0	0	-147	
0	0	-147	
0	0	-147	
0	0	-147	
0	0	-147	
0	0	-147	
0	0	-147	
0	0	-147	
0	0	-147	
0	0	-147	
0	0	-147	
0	0	-147	
0	0	-147	
0	0	-147	
0	0	-147	
0	0	-147	
0	0	-147	
0	0	-147	
0	0	-147	
0	0	-147	
0	0	-147	
0	0	-147	
0	0	-147	
0	0	-147	
0	0	-147	
0	0	-147	
0	0	-147	
0	0	-147	
0	0	-147	
0	0	-147	
0	0	-147	
0	0	-147	
0	0	-147	
0	0	-147	
0	0	-147	
0	0	-147	
0	0	-147	
0	0	-147	
0	0	-147	
0	0	-147	
0	0	-147	
0	0	-147	
0	0	-147	
0	0	-147	
0	0	-147	
0	0	-147	
0	0	-147	
0	0	-147	
0	0	-147	
0	0	-147	
0	0	-147	
0	0	-147	
0	0	-147	
0	0	-147	
0	0	-147	
0	0	-147	
0	0	-147	
0	0	-147	
0	0	-147	
0	0	-147	
0	0	-147	
0	0	-147	
0	0	-147	
0	0	-147	
0	0	-147	
0	0	-147	
0	0	-147	
0	0	-147	
0	0	-147	
0	0	-147	
0	0	-147	
0	0	-147	
0	0	-147	
0	0	-147	
0	0	-147	
0	0	-147	
0	0	-147	
0	0	-147	
0	0	-147	
0	0	-147	
0	0	-147	
0	0	-147	
0	0	-147	
0	0	-147	
0	0	-147	
0	0	-147	
0	0	-147	
0	0	-147	
0	0	-147	
0	0	-147	
0	0	-147	
0	0	-147	
0	0	-147	
0	0	-147	
0	0	-147	
0	0	-147	
0	0	-147	
0	0	-147	
0	0	-147	
0	0	-147	
0	0	-147	
0	0	-147	
0	0	-147	
0	0	-147	
0	0	-147	
0	0	-147	
0	0	-147	
0	0	-147	
0	0	-147	
0	0	-147	
0	0	-147	
0	0	-147	
0	0	-147	
0	0	-147	
0	0	-147	
0	0	-147	
0	0	-147	
0	0	-147	
0	0	-147	
0	0	-147	
0	0	-147	
0	0	-147	
0	0	-147	
0	0	-147	
0	0	-147	
0	0	-147	
0	0	-147	
0	0	-147	
0	0	-147	
0	0	-147	
0	0	-147	
0	0	-147	
0	0	-147	
0	0	-147	
0	0	-147	
0	0	-147	
0	0	-147	
0	0	-147	
0	0	-147	
0	0	-147	
0	0	-147	
0	0	-147	
0	0	-147	
0	0	-147	
0	0	-147	
0	0	-147	
0	0	-147	
0	0	-147	
0	0	-147	
0	0	-147	
0	0	-147	
0	0	-147	
0	0	-147	
0	0	-147	
0	0	-147	
0	0	-147	
0	0	-147	
0	0	-147	
0	0	-147	
0	0	-147	
0	0	-147	
0	0	-147	
0	0	-147	
0	0	-147	
0	0	-147	
0	0	-147	
0	0	-147	
0	0	-147	
0	0	-147	
0	0	-147	
0	0	-147	
0	0	-147	
0	0	-147	
0	0	-147	
0	0	-147	
0	0	-147	
0	0	-147	
0	0	-147	
0	0	-147	
0	0	-147	
0	0	-147	
0	0	-147	
0	0	-147	
0	0	-147	
0	0	-147	
0	0	-147	
0	0	-147	
0	0	-147	
0	0	-147	
0	0	-147	
0	0	-147	
0	0	-147	
0	0	-147	
0	0	-147	
0	0	-147	
0	0	-147	
0	0	-147	
0	0	-147	
0	0	-147	
0	0	-147	
0	0	-147	
0	0	-147	
0	0	-147	
0	0	-147	
0	0	-147	
0	0	-147	
0	0	-147	
0	0	-147	
0	0	-147	
0	0	-147	
0	0	-147	
0	0	-147	
0	0	-147	
0	0	-147	
0	0	-147	
0	0	-147	
0	0	-147	
0	0	-147	
0	0	-147	
0	0	-147	
0	0	-147	
0	0	-147	
0	0	-147	
0	0	-147	
0	0	-147	
0	0	-147	
0	0	-147	
0	0	-147	
0	0	-147	
0	0	-147	
0	0	-147	
0	0	-147	
0	0	-147	
0	0	-147	
0	0	-147	
0	0	-147	
0	0	-147	
0	0	-147	
0	0	-147	
0	0	-147	
0	0	-147	
0	0	-147	
0	0	-147	
0	0	-147	
0	0	-147	
0	0	-147	
0	0	-147	
0	0	-147	
0	0	-147	
0	0	-147	
0	0	-147	
0	0	-147	
0	0	-147	
0	0	-147	
0	0	-147	
0	0	-147	
0	0	-147	
0	0	-147	
0	0	-147	
0	0	-147	
0	0	-147	
0	0	-147	
0	0	-147	
0	0	-147	
0	0	-147	
0	0	-147	
0	0	-147	
0	0	-147	
0	0	-147	
0	0	-147	
0	0	-147	
0	0	-147	
0	0	-147	
0	0	-147	
0	0	-147	
0	0	-147	
0	0	-147	
0	0	-147	
0	0	-147	
0	0	-147	
0	0	-147	
0	0	-147	
0	0	-147	
0	0	-147	
0	0	-147	
0	0	-147	
0	0	-147	
0	0	-147	
0	0	-147	
0	0	-147	
0	0	-147	
0	0	-147	
0	0	-147	
0	0	-147	
0	0	-147	
0	0	-147	
0	0	-147	
0	0	-147	
0	0	-147	
0	0	-147	
0	0	-147	
0	0	-147	
0	0	-147	
0	0	-147	
0	0	-147	
0	0	-147	
0	0	-147	
0	0	-147	
0	0	-147	
0	0	-147	
0	0	-147	
0	0	-147	
0	0	-147	
0	0	-147	
0	0	-147	
0	0	-147	
0	0	-147	
0	0	-147	
0	0	-147	
0	0	-147	
0	0	-147	
0	0	-147	
0	0	-147	
0	0	-147	
0	0	-147	
0	0	-147	
0	0	-147	
0	0	-147	
0	0	-147	
0	0	-147	
0	0	-147	
0	0	-147	
0	0	-147	
0	0	-147	
0	0	-147	
0	0	-147	
0	0	-147	
0	0	-147	
0	0	-147	
0	0	-147	
0	0	-147	
0	0	-147	
0	0	-147	
0	0	-147	
0	0	-147	
0	0	-147	
0	0	-147	
0	0	-147	
0	0	-147	
0	0	-147	
0	0	-147	
0	0	-147	
0	0	-147	
0	0	-147	
0	0	-147	
0	0	-147	
0	0	-147	
0	0	-147	
0	0	-147	
0	0	-147	
0	0	-147	
0	0	-147	
0	0	-147	
0	0	-147	
0	0	-147	
0	0	-147	
0	0	-147	
0	0	-147	
0	0	-147	
0	0	-147	
0	0	-147	
0	0	-147	
0	0	-147	
0	0	-147	
0	0	-147	
0	0	-147	
0	0	-147	
0	0	-147	
0	0	-147	
0	0	-147	
0	0	-147	
0	0	-147	
0	0	-147	
0	0	-147	
0	0	-147	
0	0	-147	
0	0	-147	
0	0	-147	
0	0	-147	
0	0	-147	
0	0	-147	
0	0	-147	
0	0	-147	
0	0	-147	
0	0	-147	
0	0	-147	
0	0	-147	
0	0	-147	
0	0	-147	
0	0	-147	
0	0	-147	
0	0	-147	
0	0	-147	
0	0	-147	
0	0	-147	
0	0	-147	
0	0	-147	
0	0	-147	
0	0	-147	
0	0	-147	
0	0	-147	
0	0	-147	
0	0	-147	
0	0	-147	
0	0	-147	
0	0	-147	
0	0	-147	
0	0	-147	
0	0	-147	
0	0	-147	
0	0	-147	
0	0	-147	
0	0	-147	
0	0	-147	
0	0	-147	
0	0	-147	
0	0	-147	
0	0	-147	
0	0	-147	
0	0	-147	
0	0	-147	
0	0	-147	
0	0	-147	
0	0	-147	
0	0	-147	
0	0	-147	
0	0	-147	
0	0	-147	
0	0	-147	
0	0	-147	
0	0	-147	
0	0	-147	
0	0	-147	
0	0	-147	
0	0	-147	
0	0	-147	
0	0	-147	
0	0	-147	
0	0	-147	
0	0	-147	
0	0	-147	
0	0	-147	
0	0	-147	
0	0	-147	
0	0	-147	
0	0	-147	
0	0	-147	
0	0	-147	
0	0	-147	
0	0	-147	
0	0	-147	
0	0	-147	
0	0	-147	
0	0	-147	
0	0	-147	
0	0	-147	
0	0	-147	
0	0	-147	
0	0	-147	
0	0	-147	
0	0	-147	
0	0	-147	
0	0	-147	
0	0	-147	
0	0	-147	
0	0	-147	
0	0	-147	
0	0	-147	
0	0	-147	
0	0	-147	
0	0	-147	
0	0	-147	
0	0	-147	
0	0	-147	
0	0	-147	
0	0	-147	
0	0	-147	
0	0	-147	
0	0	-147	
0	0	-147	
0	0	-147	
0	0	-147	
0	0	-147	
0	0	-147	
0	0	-147	
0	0	-147	
0	0	-147	
0	0	-147	
0	0	-147	
0	0	-147	
0	0	-147	
0	0	-147	
0	0	-147	
0	0	-147	
0	0	-147	
0	0	-147	
0	0	-147	
0	0	-147	
0	0	-147	
0	0	-147	
0	0	-147	
0	0	-147	
0	0	-147	
0	0	-147	
0	0	-147	
0	0	-147	
0	0	-147	
0	0	-147	
0	0	-147	
0	0	-147	
0	0	-147	
0	0	-147	
0	0	-147	
0	0	-147	
0	0	-147	
0	0	-147	
0	0	-147	
0	0	-147	
0	0	-147	
0	0	-147	
0	0	-147	
0	0	-147	
0	0	-147	
0	0	-147	
0	0	-147	
0	0	-147	
0	0	-147	
0	0	-147	
0	0	-147	
0	0	-147	
0	0	-147	
0	0	-147	
0	0	-147	
0	0	-147	
0	0	-147	
0	0	-147	
0	0	-147	
0	0	-147	
0	0	-147	
0	0	-147	
0	0	-147	
0	0	-147	
0	0	-147	
0	0	-147	
0	0	-147	
0	0	-147	
0	0	-147	
0	0	-147	
0	0	-147	
0	0	-147	
0	0	-147	
0	0	-147	
0	0	-147	
0	0	-147	
0	0	-147	
0	0	-147	
0	0	-147	
0	0	-147	
0	0	-147	
0	0	-147	
0	0	-147	
0	0	-147	
0	0	-147	
0	0	-147	
0	0	-147	
0	0	-147	
0	0	-147	
0	0	-147	
0	0	-147	
0	0	-147	
0	0	-147	
0	0	-147	
0	0	-147	
0	0	-147	
0	0	-147	
0	0	-147	
0	0	-147	
0	0	-147	
0	0	-147	
0	0	-147	
0	0	-147	
0	0	-147	
0	0	-147	
0	0	-147	
0	0	-147	
0	0	-147	
0	0	-147	
0	0	-147	
0	0	-147	
0	0	-147	
0	0	-147	
0	0	-147	
0	0	-147	
0	0	-147	
0	0	-147	
0	0	-147	
0	0	-147	
0	0	-147	
0	0	-147	
0	0	-147	
0	0	-147	
0	0	-147	
0	0	-147	
0	0	-147	
0	0	-147	
0	0	-147	
0	0	-147	
0	0	-147	
0	0	-147	
0	0	-147	
0	0	-147	
0	0	-147	
0	0	-147	
0	0	-147	
0	0	-147	
0	0	-147	
0	0	-147	
0	0	-147	
0	0	-147	
0	0	-147	
0	0	-147	
0	0	-147	
0	0	-147	
0	0	-147	
0	0	-147	
0	0	-147	
0	0	-147	
0	0	-147	
0	0	-147	
0	0	-147	
0	0	-147	
0	0	-147	
0	0	-147	
0	0	-147	
0	0	-147	
0	0	-147	
0	0	-147	
0	0	-147	
0	0	-147	
0	0	-147	
0	0	-147	
0	0	-147	
0	0	-147	
0	0	-147	
0	0	-147	
0	0	-147	
0	0	-147	
0	0	-147	
0	0	-147	
0	0	-147	
0	0	-147	
0	0	-147	
0	0	-147	
0	0	-147	
0	0	-147	
0	0	-147	
0	0	-147	
0	0	-147	
0	0	-147	
0	0	-147	
0	0	-147	
0	0	-147	
0	0	-147	
0	0	-147	
0	0	-147	
0	0	-147	
0	0	-147	
0	0	-147	
0	0	-147	
0	0	-147	
0	0	-147	
0	0	-147	
0	0	-147	
0	0	-147	
0	0	-147	
0	0	-147	
0	0	-147	
0	0	-147	
0	0	-147	
0	0	-147	
0	0	-147	
0	0	-147	
0	0	-147	
0	0	-147	
0	0	-147	
0	0	-147	
0	0	-147	
0	0	-147	
0	0	-147	
0	0	-147	
0	0	-147	
0	0	-147	
0	0	-147	
0	0	-147	
0	0	-147	
0	0	-147	
0	0	-147	
0	0	-147	
0	0	-147	
0	0	-147	
0	0	-147	
0	0	-147	
0	0	-147	
0	0	-147	
0	0	-147	
0	0	-147	
0	0	-147	
0	0	-147	
0	0	-147	
0	0	-147	
0	0	-147	
0	0	-147	
0	0	-147	
0	0	-147	
0	0	-147	
0	0	-147	
0	0	-147	
0	0	-147	
0	0	-147	
0	0	-147	
0	0	-147	
0	0	-147	
0	0	-147	
0	0	-147	
0	0	-147	
0	0	-147	
0	0	-147	
0	0	-147	
0	0	-147	
0	0	-147	
0	0	-147	
0	0	-147	
0	0	-147	
0	0	-147	
0	0	-147	
0	0	-147	
0	0	-147	
0	0	-147	
0	0	-147	
0	0	-147	
0	0	-147	
0	0	-147	
0	0	-147	
0	0	-147	
0	0	-147	
0	0	-147	
0	0	-147	
0	0	-147	
0	0	-147	
0	0	-147	
0	0	-147	
0	0	-147	
0	0	-147	
0	0	-147	
0	0	-147	
0	0	-147	
0	0	-147	
0	0	-147	
0	0	-147	
0	0	-147	
0	0	-147	
0	0	-147	
0	0	-147	
0	0	-147	
0	0	-147	
0	0	-147	
0	0	-147	
0	0	-147	
0	0	-147	
0	0	-147	
0	0	-147	
0	0	-147	
0	0	-147	
0	0	-147	
0	0	-147	
0	0	-147	
0	0	-147	
0	0	-147	
0	0	-147	
0	0	-147	
0	0	-147	
0	0	-147	
0	0	-147	
0	0	-147	
0	0	-147	
0	0	-147	
0	0	-147	
0	0	-147	
0	0	-147	
0	0	-147	
0	0	-147	
0	0	-147	
0	0	-147	
0	0	-147	
0	0	-147	
0	0	-147	
0	0	-147	
0	0	-147	
0	0	-147	
0	0	-147	
0	0	-147	
0	0	-147	
0	0	-147	
0	0	-147	
0	0	-147	
0	0	-147	
0	0	-147	
0	0	-147	
0	0	-147	
0	0	-147	
0	0	-147	
0	0	-147	
0	0	-147	
0	0	-147	
0	0	-147	
0	0	-147	
0	0	-147	
0	0	-147	
0	0	-147	
0	0	-147	
0	0	-147	
0	0	-147	
0	0	-147	
0	0	-147	
0	0	-147	
0	0	-147	
0	0	-147	
0	0	-147	
0	0	-147	
0	0	-147	
0	0	-147	
0	0	-147	
0	0	-147	
0	0	-147	
0	0	-147	
0	0	-147	
0	0	-147	
0	0	-147	
0	0	-147	
0	0	-147	
0	0	-147	
0	0	-147	
0	0	-147	
0	0	-147	
0	0	-147	
0	0	-147	
0	0	-147	
0	0	-147	
0	0	-147	
0	0	-147	
0	0	-147	
0	0	-147	
0	0	-147	
0	0	-147	
0	0	-147	
0	0	-147	
0	0	-147	
0	0	-147	
0	0	-147	
0	0	-147	
0	0	-147	
0	0	-147	
0	0	-147	
0	0	-147	
0	0	-147	
0	0	-147	
0	0	-147	
0	0	-147	
0	0	-147	
0	0	-147	
0	0	-147	
0	0	-147	
0	0	-147	
0	0	-147	
0	0	-147	
0	0	-147	
0	0	-147	
0	0	-147	
0	0	-147	
0	0	-147	
0	0	-147	
0	0	-147	
0	0	-147	
0	0	-147	
0	0	-147	
0	0	-147	
0	0	-147	
0	0	-147	
0	0	-147	
0	0	-147	
0	0	-147	
0	0	-147	
0	0	-147	
0	0	-147	
0	0	-147	
0	0	-147	
0	0	-147	
0	0	-147	
0	0	-147	
0	0	-147	
0	0	-147	
0	0	-147	
0	0	-147	
0	0	-147	
0	0	-147	
0	0	-147	
0	0	-147	
0	0	-147	
0	0	-147	
0	0	-147	
0	0	-147	
0	0	-147	
0	0	-147	
0	0	-147	
0	0	-147	
0	0	-147	
0	0	-147	
0	0	-147	
0	0	-147	
0	0	-147	
0	0	-147	
0	0	-147	
0	0	-147	
0	0	-147	
0	0	-147	
0	0	-147	
0	0	-147	
0	0	-147	
0	0	-147	
0	0	-147	
0	0	-147	
0	0	-147	
0	0	-147	
0	0	-147	
0	0	-147	
0	0	-147	
0	0	-147	
0	0	-147	
0	0	-147	
0	0	-147	
0	0	-147	
0	0	-147	
0	0	-147	
0	0	-147	
0	0	-147	
0	0	-147	
0	0	-147	
0	0	-147	
0	0	-147	
0	0	-147	
0	0	-147	
0	0	-147	
0	0	-147	
0	0	-147	
0	0	-147	
0	0	-147	
0	0	-147	
0	0	-147	
0	0	-147	
0	0	-147	
0	0	-147	
0	0	-147	
0	0	-147	
0	0	-147	
0	0	-147	
0	0	-147	
0	0	-147	
0	0	-147	
0	0	-147	
0	0	-147	
0	0	-147	
0	0	-147	
0	0	-147	
0	0	-147	
0	0	-147	
0	0	-147	
0	0	-147	
0	0	-147	
0	0	-147	
0	0	-147	
0	0	-147	
0	0	-147	
0	0	-147	
0	0	-147	
0	0	-147	
0	0	-147	
0	0	-147	
0	0	-147	
0	0	-147	
0	0	-147	
0	0	-147	
0	0	-147	
0	0	-147	
0	0	-147	
0	0	-147	
0	0	-147	
0	0	-147	
0	0	-147	
0	0	-147	
0	0	-147	
0	0	-147	
0	0	-147	
0	0	-147	
0	0	-147	
0	0	-147	
0	0	-147	
0	0	-147	
0	0	-147	
0	0	-147	
0	0	-147	
0	0	-147	
0	0	-147	
0	0	-147	
0	0	-147	
0	0	-147	
0	0	-147	
0	0	-147	
0	0	-147	
0	0	-147	
0	0	-147	
0	0	-147	
0	0	-147	
0	0	-147	
0	0	-147	
0	0	-147	
0	0	-147	
0	0	-147	
0	0	-147	
0	0	-147	
0	0	-147	
0	0	-147	
0	0	-147	
0	0	-147	
0	0	-147	
0	0	-147	
0	0	-147	
0	0	-147	
0	0	-147	
0	0	-147	
0	0	-147	
0	0	-147	
0	0	-147	
0	0	-147	
0	0	-147	
0	0	-147	
0	0	-147	
0	0	-147	
0	0	-147	
0	0	-147	
0	0	-147	
0	0	-147	
0	0	-147	
0	0	-147	
0	0	-147	
0	0	-147	
0	0	-147	
0	0	-147	
0	0	-147	
0	0	-147	
0	0	-147	
0	0	-147	
0	0	-147	
0	0	-147	
0	0	-147	
0	0	-147	
0	0	-147	
0	0	-147	
0	0	-147	
0	0	-147	
0	0	-147	
0	0	-147	
0	0	-147	
0	0	-147	
0	0	-147	
0	0	-147	
0	0	-147	
0	0	-147	
0	0	-147	
0	0	-147	
0	0	-147	
0	0	-147	
0	0	-147	
0	0	-147	
0	0	-147	
0	0	-147	
0	0	-147	
0	0	-147	
0	0	-147	
0	0	-147	
0	0	-147	
0	0	-147	
0	0	-147	
0	0	-147	
0	0	-147	
0	0	-147	
0	0	-147	
0	0	-147	
0	0	-147	
0	0	-147	
0	0	-147	
0	0	-147	
0	0	-147	
0	0	-147	
0	0	-147	
0	0	-147	
0	0	-147	
0	0	-147	
0	0	-147	
0	0	-147	
0	0	-147	
0	0	-147	
0	0	-147	
0	0	-147	
0	0	-147	
0	0	-147	
0	0	-147	
0	0	-147	
0	0	-147	
0	0	-147	
0	0	-147	
0	0	-147	
0	0	-147	
0	0	-147	
0	0	-147	
0	0	-147	
0	0	-147	
0	0	-147	
0	0	-147	
0	0	-147	
0	0	-147	
0	0	-147	
0	0	-147	
0	0	-147	
0	0	-147	
0	0	-147	
0	0	-147	
0	0	-147	
0	0	-147	
0	0	-147	
0	0	-147	
0	0	-147	
0	0	-147	
0	0	-147	
0	0	-147	
0	0	-147	
0	0	-147	
0	0	-147	
0	0	-147	
0	0	-147	
0	0	-147	
0	0	-147	
0	0	-147	
0	0	-147	
0	0	-147	
0	0	-147	
0	0	-147	
0	0	-147	
0	0	-147	
0	0	-147	
0	0	-147	
0	0	-147	
0	0	-147	
0	0	-147	
0	0	-147	
0	0	-147	
0	0	-147	
0	0	-147	
0	0	-147	
0	0	-147	
0	0	-147	
0	0	-147	
0	0	-147	
0	0	-147	
0	0	-147	
0	0	-147	
0	0	-147	
0	0	-147	
0	0	-147	
0	0	-147	
0	0	-147	
0	0	-147	
0	0	-147	
0	0	-147	
0	0	-147	
0	0	-147	
0	0	-147	
0	0	-147	
0	0	-147	
0	0	-147	
0	0	-147	
0	0	-147	
0	0	-147	
0	0	-147	
0	0	-147	
0	0	-147	
0	0	-147	
0	0	-147	
0	0	-147	
0	0	-147	
0	0	-147	
0	0	-147	
0	0	-147	
0	0	-147	
0	0	-147	
0	0	-147	
0	0	-147	
0	0	-147	
0	0	-147	
0	0	-147	
0	0	-147	
0	0	-147	
0	0	-147	
0	0	-147	
0	0	-147	
0	0	-147	
0	0	-147	
0	0	-147	
0	0	-147	
0	0	-147	
0	0	-147	
0	0	-147	
0	0	-147	
0	0	-147	
0	0	-147	
0	0	-147	
0	0	-147	
0	0	-147	
0	0	-147	
0	0	-147	
0	0	-147	
0	0	-147	
0	0	-147	
0	0	-147	
0	0	-147	
0	0	-147	
0	0	-147	
0	0	-147	
0	0	-147	
0	0	-147	
0	0	-147	
0	0	-147	
0	0	-147	
0	0	-147	
0	0	-147	
0	0	-147	
0	0	-147	
0	0	-147	
0	0	-147	
0	0	-147	
0	0	-147	
0	0	-147	
0	0	-147	
0	0	-147	
0	0	-147	
0	0	-147	
0	0	-147	
0	0	-147	
0	0	-147	
0	0	-147	
0	0	-147	
0	0	-147	
0	0	-147	
0	0	-147	
0	0	-147	
0	0	-147	
0	0	-147	
0	0	-147	
0	0	-147	
0	0	-147	
0	0	-147	
0	0	-147	
0	0	-147	
0	0	-147	
0	0	-147	
0	0	-147	
0	0	-147	
0	0	-147	
0	0	-147	
0	0	-147	
0	0	-147	
0	0	-147	
0	0	-147	
0	0	-147	
0	0	-147	
0	0	-147	
0	0	-147	
0	0	-147	
0	0	-147	
0	0	-147	
0	0	-147	
0	0	-147	
0	0	-147	
0	0	-147	
0	0	-147	
0	0	-147	
0	0	-147	
0	0	-147	
0	0	-147	
0	0	-147	
0	0	-147	
0	0	-147	
0	0	-147	
0	0	-147	
0	0	-147	
0	0	-147	
0	0	-147	
0	0	-147	
0	0	-147	
0	0	-147	
0	0	-147	
0	0	-147	
0	0	-147	
0	0	-147	
0	0	-147	
0	0	-147	
0	0	-147	
0	0	-147	
0	0	-147	
0	0	-147	
0	0	-147	
0	0	-147	
0	0	-147	
0	0	-147	
0	0	-147	
0	0	-147	
0	0	-147	
0	0	-147	
0	0	-147	
0	0	-147	
0	0	-147	
0	0	-147	
0	0	-147	
0	0	-147	
0	0	-147	
0	0	-147	
0	0	-147	
0	0	-147	
0	0	-147	
0	0	-147	
0	0	-147	
0	0	-147	
0	0	-147	
0	0	-147	
0	0	-147	
0	0	-147	
0	0	-147	
0	0	-147	
0	0	-147	
0	0	-147	
0	0	-147	
0	0	-147	
0	0	-147	
0	0	-147	
0	0	-147	
0	0	-147	
0	0	-147	
0	0	-147	
0	0	-147	
0	0	-147	
0	0	-147	
0	0	-147	
0	0	-147	
0	0	-147	
0	0	-147	
0	0	-147	
0	0	-147	
0	0	-147	
0	0	-147	
0	0	-147	
0	0	-147	
0	0	-147	
0	0	-147	
0	0	-147	
0	0	-147	
0	0	-147	
0	0	-147	
0	0	-147	
0	0	-147	
0	0	-147	
0	0	-147	
0	0	-147	
0	0	-147	
0	0	-147	
0	0	-147	
0	0	-147	
0	0	-147	
0	0	-147	
0	0	-147	
0	0	-147	
0	0	-147	
0	0	-147	
0	0	-147	
0	0	-147	
0	0	-147	
0	0	-147	
0	0	-147	
0	0	-147	
0	0	-147	
0	0	-147	
0	0	-147	
0	0	-147	
0	0	-147	
0	0	-147	
0	0	-147	
0	0	-147	
0	0	-147	
0	0	-147	
0	0	-147	
0	0	-147	
0	0	-147	
0	0	-147	
0	0	-147	
0	0	-147	
0	0	-147	
0	0	-147	
0	0	-147	
0	0	-147	
0	0	-147	
0	0	-147	
0	0	-147	
0	0	-147	
0	0	-147	
0	0	-147	
0	0	-147	
0	0	-147	
0	0	-147	
0	0	-147	
0	0	-147	
0	0	-147	
0	0	-147	
0	0	-147	
0	0	-147	
0	0	-147	
0	0	-147	
0	0	-147	
0	0	-147	
0	0	-147	
0	0	-147	
0	0	-147	
0	0	-147	
0	0	-147	
0	0	-147	
0	0	-147	
0	0	-147	
0	0	-147	
0	0	-147	
0	0	-147	
0	0	-147	
0	0	-147	
0	0	-147	
0	0	-147	
0	0	-147	
0	0	-147	
0	0	-147	
0	0	-147	
0	0	-147	
0	0	-147	
0	0	-147	
0	0	-147	
0	0	-147	
0	0	-147	
0	0	-147	
0	0	-147	
0	0	-147	
0	0	-147	
0	0	-147	
0	0	-147	
0	0	-147	
0	0	-147	
0	0	-147	
0	0	-147	
0	0	-147	
0	0	-147	
0	0	-147	
0	0	-147	
0	0	-147	
0	0	-147	
0	0	-147	
0	0	-147	
0	0	-147	
0	0	-147	
0	0	-147	
0	0	-147	
0	0	-147	
0	0	-147	
0	0	-147	
0	0	-147	
0	0	-147	
0	0	-147	
0	0	-147	
0	0	-147	
0	0	-147	
0	0	-147	
0	0	-147	
0	0	-147	
0	0	-147	
0	0	-147	
0	0	-147	
0	0	-147	
0	0	-147	
0	0	-147	
0	0	-147	
0	0	-147	
0	0	-147	
0	0	-147	
0	0	-147	
0	0	-147	
0	0	-147	
0	0	-147	
0	0	-147	
0	0	-147	
0	0	-147	
0	0	-147	
0	0	-147	
0	0	-147	
0	0	-147	
0	0	-147	
0	0	-147	
0	0	-147	
0	0	-147	
0	0	-147	
0	0	-147	
0	0	-147	
0	0	-147	
0	0	-147	
0	0	-147	
0	0	-147	
0	0	-147	
0	0	-147	
0	0	-147	
0	0	-147	
0	0	-147	
0	0	-147	
0	0	-147	
0	0	-147	
0	0	-147	
0	0	-147	
0	0	-147	
0	0	-147	
0	0	-147	
0	0	-147	
0	0	-147	
0	0	-147	
0	0	-147	
0	0	-147	
0	0	-147	
0	0	-147	
0	0	-147	
0	0	-147	
0	0	-147	
0	0	-147	
0	0	-147	
0	0	-147	
0	0	-147	
0	0	-147	
0	0	-147	
0	0	-147	
0	0	-147	
0	0	-147	
0	0	-147	
0	0	-147	
0	0	-147	
0	0	-147	
0	0	-147	
0	0	-147	
0	0	-147	
0	0	-147	
0	0	-147	
0	0	-147	
0	0	-147	
0	0	-147	
0	0	-147	
0	0	-147	
0	0	-147	
0	0	-147	
0	0	-147	
0	0	-147	
0	0	-147	
0	0	-147	
0	0	-147	
0	0	-147	
0	0	-147	
0	0	-147	
0	0	-147	
0	0	-147	
0	0	-147	
0	0	-147	
0	0	-147	
0	0	-147	
0	0	-147	
0	0	-147	
0	0	-147	
0	0	-147	
0	0	-147	
0	0	-147	
0	0	-147	
0	0	-147	
0	0	-147	
0	0	-147	
0	0	-147	
0	0	-147	
0	0	-147	
0	0	-147	
0	0	-147	
0	0	-147	
0	0	-147	
0	0	-147	
0	0	-147	
0	0	-147	
0	0	-147	
0	0	-147	
0	0	-147	
0	0	-147	
0	0	-147	
0	0	-147	
0	0	-147	
0	0	-147	
0	0	-147	
0	0	-147	
0	0	-147	
0	0	-147	
0	0	-147	
0	0	-147	
0	0	-147	
0	0	-147	
0	0	-147	
0	0	-147	
0	0	-147	
0	0	-147	
0	0	-147	
0	0	-147	
0	0	-147	
0	0	-147	
0	0	-147	
0	0	-147	
0	0	-147	
0	0	-147	
0	0	-147	
0	0	-147	
0	0	-147	
0	0	-147	
0	0	-147	
0	0	-147	
0	0	-147	
0	0	-147	
0	0	-147	
0	0	-147	
0	0	-147	
0	0	-147	
0	0	-147	
0	0	-147	
0	0	-147	
0	0	-147	
0	0	-147	
0	0	-147	
0	0	-147	
0	0	-147	
0	0	-147	
0	0	-147	
0	0	-147	
0	0	-147	
0	0	-147	
0	0	-147	
0	0	-147	
0	0	-147	
0	0	-147	
0	0	-147	
0	0	-147	
0	0	-147	
0	0	-147	
0	0	-147	
0	0	-147	
0	0	-147	
0	0	-147	
0	0	-147	
0	0	-147	
0	0	-147	
0	0	-147	
0	0	-147	
0	0	-147	
0	0	-147	
0	0	-147	
0	0	-147	
0	0	-147	
0	0	-147	
0	0	-147	
0	0	-147	
0	0	-147	
0	0	-147	
0	0	-147	
0	0	-147	
0	0	-147	
0	0	-147	
0	0	-147	
0	0	-147	
0	0	-147	
0	0	-147	
0	0	-147	
0	0	-147	
0	0	-147	
0	0	-147	
0	0	-147	
0	0	-147	
0	0	-147	
0	0	-147	
0	0	-147	
0	0	-147	
0	0	-147	
0	0	-147	
0	0	-147	
0	0	-147	
0	0	-147	
0	0	-147	
0	0	-147	
0	0	-147	
0	0	-147	
0	0	-147	
0	0	-147	
0	0	-147	
0	0	-147	
0	0	-147	
0	0	-147	
0	0	-147	
0	0	-147	
0	0	-147	
0	0	-147	
0	0	-147	
0	0	-147	
0	0	-147	
0	0	-147	
0	0	-147	
0	0	-147	
0	0	-147	
0	0	-147	
0	0	-147	
0	0	-147	
0	0	-147	
0	0	-147	
0	0	-147	
0	0	-147	
0	0	-147	
0	0	-147	
0	0	-147	
0	0	-147	
0	0	-147	
0	0	-147	
0	0	-147	
0	0	-147	
0	0	-147	
0	0	-147	
0	0	-147	
0	0	-147	
0	0	-147	
0	0	-147	
0	0	-147	
0	0	-147	
0	0	-147	
0	0	-147	
0	0	-147	
0	0	-147	
0	0	-147	
0	0	-147	
0	0	-147	
0	0	-147	
0	0	-147	
0	0	-147	
0	0	-147	
0	0	-147	
0	0	-147	
0	0	-147	
0	0	-147	
0	0	-147	
0	0	-147	
0	0	-147	
0	0	-147	
0	0	-147	
0	0	-147	
0	0	-147	
0	0	-147	
0	0	-147	
0	0	-147	
0	0	-147	
0	0	-147	
0	0	-147	
0	0	-147	
0	0	-147	
0	0	-147	
0	0	-147	
0	0	-147	
0	0	-147	
0	0	-147	
0	0	-147	
0	0	-147	
0	0	-147	
0	0	-147	
0	0	-147	
0	0	-147	
0	0	-147	
0	0	-147	
0	0	-147	
0	0	-147	
0	0	-147	
0	0	-147	
0	0	-147	
0	0	-147	
0	0	-147	
0	0	-147	
0	0	-147	
0	0	-147	
0	0	-147	
0	0	-147	
0	0	-147	
0	0	-147	
0	0	-147	
0	0	-147	
0	0	-147	
0	0	-147	
0	0	-147	
0	0	-147	
0	0	-147	
0	0	-147	
0	0	-147	
0	0	-147	
0	0	-147	
0	0	-147	
0	0	-147	
0	0	-147	
0	0	-147	
0	0	-147	
0	0	-147	
0	0	-147	
0	0	-147	
0	0	-147	
0	0	-147	
0	0	-147	
0	0	-147	
0	0	-147	
0	0	-147	
0	0	-147	
0	0	-147	
0	0	-7.21256	
0	0	-7.21358	
0	0	-7.21487	
0	0	-7.2164	
0	0	-7.21812	
0	0	-7.22	
0	0	-7.22203	
0	0	-7.22419	
0	0	-7.22649	
0	0	-7.22888	
0	0	-7.23149	
0	0	-7.23421	
0	0	-7.23698	
0	0	-7.23978	
0	0	-7.24265	
0	0	-7.24557	
0	0	-7.24852	
0	0	-7.25155	
0	0	-7.25458	
0	0	-7.25777	
0	0	-7.26092	
0	0	-7.26389	
0	0	-7.26665	
0	0	-7.26951	
0	0	-7.27238	
0	0	-7.27521	
0	0	-7.27804	
0	0	-7.28083	
0	0	-7.2836	
0	0	-7.28636	
0	0	-7.28911	
0	0	-7.29184	
0	0	-7.29468	
0	0	-7.29787	
0	0	-7.30044	
0	0	-7.30308	
0	0	-7.30569	
0	0	-7.30826	
0	0	-7.311	
0	0	-7.31371	
0	0	-7.31642	
0	0	-7.31921	
0	0	-7.3227	
0	0	-7.32595	
0	0	-7.32917	
0	0	-7.33247	
0	0	-7.33548	
0	0	-7.33843	
0	0	-7.34132	
0	0	-7.34419	
0	0	-7.34703	
0	0	-7.34944	
0	0	-7.34869	
0	0	-7.3458	
0	0	-7.34302	
0	0	-7.34041	
0	0	-7.33795	
0	0	-7.33555	
0	0	-7.33332	
0	0	-7.33127	
0	0	-7.32924	
0	0	-7.32756	
0	0	-7.32616	
0	0	-7.32512	
0	0	-7.3243	
0	0	-7.32357	
0	0	-7.32286	
0	0	-7.32222	
0	0	-7.32165	
0	0	-7.32092	
0	0	-7.32019	
0	0	-7.31946	
0	0	-7.31873	
0	0	-7.318	
0	0	-7.31727	
0	0	-7.31654	
0	0	-7.31604	
0	0	-7.31587	
0	0	-7.31555	
0	0	-7.31515	
0	0	-7.31486	
0	0	-7.31458	
0	0	-7.31442	
0	0	-7.3144	
0	0	-7.31439	
0	0	-7.31432	
0	0	-7.31435	
0	0	-7.31454	
0	0	-7.3146	
0	0	-7.31474	
0	0	-7.31502	
0	0	-7.31548	
0	0	-7.3161	
0	0	-7.31687	
0	0	-7.3178	
0	0	-7.31888	
0	0	-7.32017	
0	0	-7.32175	
0	0	-7.3233	
0	0	-7.32496	
0	0	-7.32676	
0	0	-7.32871	
0	0	-7.33076	
0	0	-7.33269	
0	0	-7.33503	
0	0	-7.33764	
0	0	-7.34046	
0	0	-7.34347	
0	0	-7.34672	
0	0	-7.34985	
0	0	-7.34624	
0	0	-7.34242	
0	0	-7.33834	
0	0	-7.33389	
0	0	-7.32829	
0	0	-7.33272	
0	0	-7.33362	
0	0	-7.33103	
0	0	-7.33361	
0	0	-7.33405	
0	0	-7.33372	
0	0	-7.33284	
0	0	-7.33001	
0	0	-7.33327	
0	0	-7.33423	
0	0	-7.33227	
0	0	-7.33245	
0	0	-7.33358	
0	0	-7.33299	
0	0	-7.33219	
0	0	-7.33296	
0	0	-7.33329	
0	0	-7.33324	
0	0	-7.33281	
0	0	-7.33157	
0	0	-7.33276	
0	0	-7.33221	
0	0	-7.33248	
0	0	-7.33242	
0	0	-7.33082	
0	0	-7.33184	
0	0	-7.33239	
0	0	-7.33263	
0	0	-7.3315	
0	0	-7.33218	
0	0	-7.33308	
0	0	-7.33398	
0	0	-7.3341	
0	0	-7.33478	
0	0	-7.33563	
0	0	-7.33665	
0	0	-7.3379	
0	0	-7.33839	
0	0	-7.33939	
0	0	-7.34072	
0	0	-7.34255	
0	0	-7.34499	
0	0	-7.34795	
0	0	-7.34917	
0	0	-7.34594	
0	0	-7.34221	
0	0	-7.33821	
0	0	-7.33432	
0	0	-7.33005	
0	0	-7.32504	
0	0	-7.32003	
0	0	-7.31438	
0	0	-7.3082	
0	0	-7.30147	
0	0	-7.29418	
0	0	-7.28634	
0	0	-7.27798	
0	0	-7.26907	
0	0	-7.25914	
0	0	-7.24822	
0	0	-7.23725	
0	0	-7.2255	
0	0	-7.21301	
0	0	-7.19974	
0	0	-7.18563	
0	0	-7.17063	
0	0	-7.15472	
0	0	-7.13779	
0	0	-7.11979	
0	0	-7.10064	
0	0	-7.08094	
0	0	-7.06093	
0	0	-7.03963	
0	0	-7.01719	
0	0	-6.99359	
0	0	-6.96889	
0	0	-6.94316	
0	0	-6.9161	
0	0	-6.88758	
0	0	-6.85791	
0	0	-6.82707	
0	0	-6.7952	
0	0	-6.76198	
0	0	-6.72742	
0	0	-6.69134	
0	0	-6.65421	
0	0	-6.61596	
0	0	-6.57655	
0	0	-6.53594	
0	0	-6.49405	
0	0	-6.45078	
0	0	-6.4054	
0	0	-6.36014	
0	0	-6.31348	
0	0	-6.26566	
0	0	-6.21669	
0	0	-6.16661	
0	0	-6.11547	
0	0	-6.06331	
0	0	-6.01017	
0	0	-5.95611	
0	0	-5.90116	
0	0	-5.84538	
0	0	-5.78881	
0	0	-5.73149	
0	0	-5.67347	
0	0	-5.61479	
0	0	-5.55547	
0	0	-5.49554	
0	0	-5.43502	
0	0	-5.37393	
0	0	-5.31266	
0	0	-5.25117	
0	0	-5.18945	
0	0	-5.12753	
0	0	-5.06545	
0	0	-5.0033	
0	0	-4.9409	
0	0	-4.87824	
0	0	-4.81558	
0	0	-4.75298	
0	0	-4.69098	
0	0	-4.62853	
0	0	-4.56606	
0	0	-4.50369	
0	0	-4.44152	
0	0	-4.37965	
0	0	-4.31817	
0	0	-4.25721	
0	0	-4.1963	
0	0	-4.13569	
0	0	-4.07545	
0	0	-4.01562	
0	0	-3.95626	
0	0	-3.89739	
0	0	-3.83903	
0	0	-3.78123	
0	0	-3.72399	
0	0	-3.66735	
0	0	-3.61128	
0	0	-3.55579	
0	0	-3.50085	
0	0	-3.44635	
0	0	-3.39276	
0	0	-3.3399	
0	0	-3.28776	
0	0	-3.23635	
0	0	-3.18566	
0	0	-3.1357	
0	0	-3.08649	
0	0	-3.03801	
0	0	-2.99028	
0	0	-2.94331	
0	0	-2.89709	
0	0	-2.85163	
0	0	-2.80692	
0	0	-2.76298	
0	0	-2.7198	
0	0	-2.67738	
0	0	-2.63574	
0	0	-2.59488	
0	0	-2.55481	
0	0	-2.51555	
0	0	-2.47697	
0	0	-2.43911	
0	0	-2.40196	
0	0	-2.36547	
0	0	-2.32931	
0	0	-2.29422	
0	0	-2.25985	
0	0	-2.22619	
0	0	-2.19323	
0	0	-2.16096	
0	0	-2.12936	
0	0	-2.09841	
0	0	-2.06829	
0	0	-2.03893	
0	0	-2.01025	
0	0	-1.98224	
0	0	-1.95486	
0	0	-1.9281	
0	0	-1.90194	
0	0	-1.87637	
0	0	-1.85139	
0	0	-1.82697	
0	0	-1.80311	
0	0	-1.77981	
0	0	-1.75705	
0	0	-1.73484	
0	0	-1.71316	
0	0	-1.69201	
0	0	-1.67138	
0	0	-1.65127	
0	0	-1.63154	
0	0	-1.61226	
0	0	-1.59341	
0	0	-1.57501	
0	0	-1.55705	
0	0	-1.53953	
0	0	-1.52243	
0	0	-1.50575	
0	0	-1.48949	
0	0	-1.47361	
0	0	-1.45813	
0	0	-1.44301	
0	0	-1.42833	
0	0	-1.41407	
0	0	-1.40019	
0	0	-1.38668	
0	0	-1.37352	
0	0	-1.36072	
0	0	-1.34825	
0	0	-1.33612	
0	0	-1.32431	
0	0	-1.31282	
0	0	-1.30165	
0	0	-1.29078	
0	0	-1.28022	
0	0	-1.26997	
0	0	-1.25996	
0	0	-1.25024	
0	0	-1.2408	
0	0	-1.23164	
0	0	-1.22268	
0	0	-1.21405	
0	0	-1.20571	
0	0	-1.19765	
0	0	-1.18984	
0	0	-1.18229	
0	0	-1.17498	
0	0	-1.16792	
0	0	-1.16111	
0	0	-1.15454	
0	0	-1.14822	
0	0	-1.14214	
0	0	-1.1363	
0	0	-1.13072	
0	0	-1.1253	
0	0	-1.12008	
0	0	-1.11507	
0	0	-1.11026	
0	0	-1.10567	
0	0	-1.10128	
0	0	-1.09709	
0	0	-1.09302	
0	0	-1.08913	
0	0	-1.08547	
0	0	-1.08201	
0	0	-1.07876	
0	0	-1.07576	
0	0	-1.07291	
0	0	-1.07024	
0	0	-1.06766	
0	0	-1.06531	
0	0	-1.06316	
0	0	-1.0612	
0	0	-1.05941	
0	0	-1.05781	
0	0	-1.05638	
0	0	-1.05513	
0	0	-1.05404	
0	0	-1.05313	
0	0	-1.05239	
0	0	-1.05182	
0	0	-1.05142	
0	0	-1.05118	
0	0	-1.05109	
0	0	-1.05115	
0	0	-1.0514	
0	0	-1.05182	
0	0	-1.05244	
0	0	-1.05329	
0	0	-1.05426	
0	0	-1.05541	
0	0	-1.05671	
0	0	-1.05817	
0	0	-1.05979	
0	0	-1.06157	
0	0	-1.06352	
0	0	-1.06564	
0	0	-1.06793	
0	0	-1.07038	
0	0	-1.07301	
0	0	-1.07582	
0	0	-1.07879	
0	0	-1.08195	
0	0	-1.08532	
0	0	-1.08884	
0	0	-1.09256	
0	0	-1.09648	
0	0	-1.10058	
0	0	-1.10487	
0	0	-1.10935	
0	0	-1.11402	
0	0	-1.11887	
0	0	-1.12392	
0	0	-1.12916	
0	0	-1.13459	
0	0	-1.14023	
0	0	-1.14606	
0	0	-1.15209	
0	0	-1.15833	
0	0	-1.16478	
0	0	-1.17143	
0	0	-1.17829	
0	0	-1.18535	
0	0	-1.1926	
0	0	-1.20004	
0	0	-1.20766	
0	0	-1.21559	
0	0	-1.22377	
0	0	-1.23218	
0	0	-1.24083	
0	0	-1.24973	
0	0	-1.25887	
0	0	-1.26827	
0	0	-1.27792	
0	0	-1.28785	
0	0	-1.29806	
0	0	-1.30859	
0	0	-1.31935	
0	0	-1.33031	
0	0	-1.34162	
0	0	-1.35323	
0	0	-1.36515	
0	0	-1.37737	
0	0	-1.38992	
0	0	-1.40278	
0	0	-1.41599	
0	0	-1.42958	
0	0	-1.44344	
0	0	-1.45767	
0	0	-1.47234	
0	0	-1.48732	
0	0	-1.50268	
0	0	-1.51842	
0	0	-1.53456	
0	0	-1.55108	
0	0	-1.56797	
0	0	-1.58534	
0	0	-1.60317	
0	0	-1.62157	
0	0	-1.64034	
0	0	-1.65956	
0	0	-1.67926	
0	0	-1.69946	
0	0	-1.72017	
0	0	-1.7414	
0	0	-1.76318	
0	0	-1.78551	
0	0	-1.80841	
0	0	-1.83188	
0	0	-1.85592	
0	0	-1.8805	
0	0	-1.90581	
0	0	-1.93178	
0	0	-1.95849	
0	0	-1.98587	
0	0	-2.01401	
0	0	-2.04289	
0	0	-2.07253	
0	0	-2.10295	
0	0	-2.13419	
0	0	-2.16626	
0	0	-2.1992	
0	0	-2.23302	
0	0	-2.26776	
0	0	-2.30344	
0	0	-2.34011	
0	0	-2.37778	
0	0	-2.41649	
0	0	-2.45626	
0	0	-2.49713	
0	0	-2.53914	
0	0	-2.58225	
0	0	-2.62662	
0	0	-2.6723	
0	0	-2.7193	
0	0	-2.76777	
0	0	-2.81759	
0	0	-2.86891	
0	0	-2.92177	
0	0	-2.97624	
0	0	-3.03236	
0	0	-3.09034	
0	0	-3.15011	
0	0	-3.21173	
0	0	-3.27528	
0	0	-3.34086	
0	0	-3.40855	
0	0	-3.47843	
0	0	-3.55061	
0	0	-3.62518	
0	0	-3.70225	
0	0	-3.72699	
0	0	-3.73678	
0	0	-3.74081	
0	0	-3.74254	
0	0	-3.74331	
0	0	-3.74367	
0	0	-3.74384	
0	0	-3.7439	
0	0	-3.74391	
0	0	-3.74379	
0	0	-3.74367	
0	0	-3.74354	
0	0	-3.74338	
0	0	-3.7432	
0	0	-3.74278	
0	0	-3.74228	
0	0	-3.74176	
0	0	-3.74122	
0	0	-3.74066	
0	0	-3.74006	
0	0	-3.73943	
0	0	-3.73876	
0	0	-3.73805	
0	0	-3.7373	
0	0	-3.73651	
0	0	-3.73569	
0	0	-3.73482	
0	0	-3.73392	
0	0	-3.73299	
0	0	-3.73202	
0	0	-3.73102	
0	0	-3.72999	
0	0	-3.72892	
0	0	-3.72782	
0	0	-3.7267	
0	0	-3.72554	
0	0	-3.72437	
0	0	-3.72319	
0	0	-3.72202	
0	0	-3.72095	
0	0	-3.71989	
0	0	-3.71877	
0	0	-3.71759	
0	0	-3.71637	
0	0	-3.71512	
0	0	-3.71384	
0	0	-3.71254	
0	0	-3.71121	
0	0	-3.70979	
0	0	-3.7084	
0	0	-3.70705	
0	0	-3.70569	
0	0	-3.70431	
0	0	-3.70292	
0	0	-3.7015	
0	0	-3.70007	
0	0	-3.69863	
0	0	-3.69718	
0	0	-3.69571	
0	0	-3.69412	
0	0	-3.69248	
0	0	-3.69086	
0	0	-3.68927	
0	0	-3.68769	
0	0	-3.68612	
0	0	-3.68456	
0	0	-3.68301	
0	0	-3.68147	
0	0	-3.67993	
0	0	-3.67841	
0	0	-3.67692	
0	0	-3.6755	
0	0	-3.67414	
0	0	-3.67273	
0	0	-3.67129	
0	0	-3.66986	
0	0	-3.6685	
0	0	-3.66718	
0	0	-3.66588	
0	0	-3.66459	
0	0	-3.66324	
0	0	-3.66187	
0	0	-3.66054	
0	0	-3.65924	
0	0	-3.65797	
0	0	-3.65681	
0	0	-3.65571	
0	0	-3.65462	
0	0	-3.65356	
0	0	-3.65251	
0	0	-3.65143	
0	0	-147	
0	0	-147	
0	0	-147	
0	0	-147	
0	0	-147	
0	0	-147	
0	0	-147	
0	0	-147	
0	0	-147	
0	0	-147	
0	0	-147	
0	0	-147	
0	0	-147	
0	0	-147	
0	0	-147	
0	0	-147	
0	0	-147	
0	0	-147	
0	0	-147	
0	0	-147	
0	0	-147	
0	0	-147	
0	0	-147	
0	0	-147	
0	0	-147	
0	0	-147	
0	0	-147	
0	0	-147	
0	0	-147	
0	0	-147	
0	0	-147	
0	0	-147	
0	0	-147	
0	0	-147	
0	0	-147	
0	0	-147	
0	0	-147	
0	0	-147	
0	0	-147	
0	0	-147	
0	0	-147	
0	0	-147	
0	0	-147	
0	0	-147	
0	0	-147	
0	0	-147	
0	0	-147	
0	0	-147	
0	0	-147	
0	0	-147	
0	0	-147	
0	0	-147	
0	0	-147	
0	0	-147	
0	0	-147	
0	0	-147	
0	0	-147	
0	0	-147	
0	0	-147	
0	0	-147	
0	0	-147	
0	0	-147	
0	0	-147	
0	0	-147	
0	0	-147	
0	0	-147	
0	0	-147	
0	0	-147	
0	0	-147	
0	0	-147	
0	0	-147	
0	0	-147	
0	0	-147	
0	0	-147	
0	0	-147	
0	0	-147	
0	0	-147	
0	0	-147	
0	0	-147	
0	0	-147	
0	0	-147	
0	0	-147	
0	0	-147	
0	0	-147	
0	0	-147	
0	0	-147	
0	0	-147	
0	0	-147	
0	0	-147	
0	0	-147	
0	0	-147	
0	0	-147	
0	0	-147	
0	0	-147	
0	0	-147	
0	0	-147	
0	0	-147	
0	0	-147	
0	0	-147	
0	0	-147	
0	0	-147	
0	0	-147	
0	0	-147	
0	0	-147	
0	0	-147	
0	0	-147	
0	0	-147	
0	0	-147	
0	0	-147	
0	0	-147	
0	0	-147	
0	0	-147	
0	0	-147	
0	0	-147	
0	0	-147	
0	0	-147	
0	0	-147	
0	0	-147	
0	0	-147	
0	0	-147	
0	0	-147	
0	0	-147	
0	0	-147	
0	0	-147	
0	0	-147	
0	0	-147	
0	0	-147	
0	0	-147	
0	0	-147	
0	0	-147	
0	0	-147	
0	0	-147	
0	0	-147	
0	0	-147	
0	0	-147	
0	0	-147	
0	0	-147	
0	0	-147	
0	0	-147	
0	0	-147	
0	0	-147	
0	0	-147	
0	0	-147	
0	0	-147	
0	0	-147	
0	0	-147	
0	0	-147	
0	0	-147	
0	0	-147	
0	0	-147	
0	0	-147	
0	0	-147	
0	0	-147	
0	0	-147	
0	0	-147	
0	0	-147	
0	0	-147	
0	0	-147	
0	0	-147	
0	0	-147	
0	0	-147	
0	0	-147	
0	0	-147	
0	0	-147	
0	0	-147	
0	0	-147	
0	0	-147	
0	0	-147	
0	0	-147	
0	0	-147	
0	0	-147	
0	0	-147	
0	0	-147	
0	0	-147	
0	0	-147	
0	0	-147	
0	0	-147	
0	0	-147	
0	0	-147	
0	0	-147	
0	0	-147	
0	0	-147	
0	0	-147	
0	0	-147	
0	0	-147	
0	0	-147	
0	0	-147	
0	0	-147	
0	0	-147	
0	0	-147	
0	0	-147	
0	0	-147	
0	0	-147	
0	0	-147	
0	0	-147	
0	0	-147	
0	0	-147	
0	0	-147	
0	0	-147	
0	0	-147	
0	0	-147	
0	0	-147	
0	0	-147	
0	0	-147	
0	0	-147	
0	0	-147	
0	0	-147	
0	0	-147	
0	0	-147	
0	0	-147	
0	0	-147	
0	0	-147	
0	0	-147	
0	0	-147	
0	0	-147	
0	0	-147	
0	0	-147	
0	0	-147	
0	0	-147	
0	0	-147	
0	0	-147	
0	0	-147	
0	0	-147	
0	0	-147	
0	0	-147	
0	0	-147	
0	0	-147	
0	0	-147	
0	0	-147	
0	0	-147	
0	0	-147	
0	0	-147	
0	0	-147	
0	0	-147	
0	0	-147	
0	0	-147	
0	0	-147	
0	0	-147	
0	0	-147	
0	0	-147	
0	0	-147	
0	0	-147	
0	0	-147	
0	0	-147	
0	0	-147	
0	0	-147	
0	0	-147	
0	0	-147	
0	0	-147	
0	0	-147	
0	0	-147	
0	0	-147	
0	0	-147	
0	0	-147	
0	0	-147	
0	0	-147	
0	0	-147	
0	0	-147	
0	0	-147	
0	0	-147	
0	0	-147	
0	0	-147	
0	0	-147	
0	0	-147	
0	0	-147	
0	0	-147	
0	0	-147	
0	0	-147	
0	0	-147	
0	0	-147	
0	0	-147	
0	0	-147	
0	0	-147	
0	0	-147	
0	0	-147	
0	0	-147	
0	0	-147	
0	0	-147	
0	0	-147	
0	0	-147	
0	0	-147	
0	0	-147	
0	0	-147	
0	0	-147	
0	0	-147	
0	0	-147	
0	0	-147	
0	0	-147	
0	0	-147	
0	0	-147	
0	0	-147	
0	0	-147	
0	0	-147	
0	0	-147	
0	0	-147	
0	0	-147	
0	0	-147	
0	0	-147	
0	0	-147	
0	0	-147	
0	0	-147	
0	0	-147	
0	0	-147	
0	0	-147	
0	0	-147	
0	0	-147	
0	0	-147	
0	0	-147	
0	0	-147	
0	0	-147	
0	0	-147	
0	0	-147	
0	0	-147	
0	0	-147	
0	0	-147	
0	0	-147	
0	0	-147	
0	0	-147	
0	0	-147	
0	0	-147	
0	0	-147	
0	0	-147	
0	0	-147	
0	0	-147	
0	0	-147	
0	0	-147	
0	0	-147	
0	0	-147	
0	0	-147	
0	0	-147	
0	0	-147	
0	0	-147	
0	0	-147	
0	0	-147	
0	0	-147	
0	0	-147	
0	0	-147	
0	0	-147	
0	0	-147	
0	0	-147	
0	0	-147	
0	0	-147	
0	0	-147	
0	0	-147	
0	0	-147	
0	0	-147	
0	0	-147	
0	0	-147	
0	0	-147	
0	0	-147	
0	0	-147	
0	0	-147	
0	0	-147	
0	0	-147	
0	0	-147	
0	0	-147	
0	0	-147	
0	0	-147	
0	0	-147	
0	0	-147	
0	0	-147	
0	0	-147	
0	0	-147	
0	0	-147	
0	0	-147	
0	0	-147	
0	0	-147	
0	0	-147	
0	0	-147	
0	0	-147	
0	0	-147	
0	0	-147	
0	0	-147	
0	0	-147	
0	0	-147	
0	0	-147	
0	0	-147	
0	0	-147	
0	0	-147	
0	0	-147	
0	0	-147	
0	0	-147	
0	0	-147	
0	0	-147	
0	0	-147	
0	0	-147	
0	0	-147	
0	0	-147	
0	0	-147	
0	0	-147	
0	0	-147	
0	0	-147	
0	0	-147	
0	0	-147	
0	0	-147	
0	0	-147	
0	0	-147	
0	0	-147	
0	0	-147	
0	0	-147	
0	0	-147	
0	0	-147	
0	0	-147	
0	0	-147	
0	0	-147	
0	0	-147	
0	0	-147	
0	0	-147	
0	0	-147	
0	0	-147	
0	0	-147	
0	0	-147	
0	0	-147	
0	0	-147	
0	0	-147	
0	0	-147	
0	0	-147	
0	0	-147	
0	0	-147	
0	0	-147	
0	0	-147	
0	0	-147	
0	0	-147	
0	0	-147	
0	0	-147	
0	0	-147	
0	0	-147	
0	0	-147	
0	0	-147	
0	0	-147	
0	0	-147	
0	0	-147	
0	0	-147	
0	0	-147	
0	0	-147	
0	0	-147	
0	0	-147	
0	0	-147	
0	0	-147	
0	0	-147	
0	0	-147	
0	0	-147	
0	0	-147	
0	0	-147	
0	0	-147	
0	0	-147	
0	0	-147	
0	0	-147	
0	0	-147	
0	0	-147	
0	0	-147	
0	0	-147	
0	0	-147	
0	0	-147	
0	0	-147	
0	0	-147	
0	0	-147	
0	0	-147	
0	0	-147	
0	0	-147	
0	0	-147	
0	0	-147	
0	0	-147	
0	0	-147	
0	0	-147	
0	0	-147	
0	0	-147	
0	0	-147	
0	0	-147	
0	0	-147	
0	0	-147	
0	0	-147	
0	0	-147	
0	0	-147	
0	0	-147	
0	0	-147	
0	0	-147	
0	0	-147	
0	0	-147	
0	0	-147	
0	0	-147	
0	0	-147	
0	0	-147	
0	0	-147	
0	0	-147	
0	0	-147	
0	0	-147	
0	0	-147	
0	0	-147	
0	0	-147	
0	0	-147	
0	0	-147	
0	0	-147	
0	0	-147	
0	0	-147	
0	0	-147	
0	0	-147	
0	0	-147	
0	0	-147	
0	0	-147	
0	0	-147	
0	0	-147	
0	0	-147	
0	0	-147	
0	0	-147	
0	0	-147	
0	0	-147	
0	0	-147	
0	0	-147	
0	0	-147	
0	0	-147	
0	0	-147	
0	0	-147	
0	0	-147	
0	0	-147	
0	0	-147	
0	0	-147	
0	0	-147	
0	0	-147	
0	0	-147	
0	0	-147	
0	0	-147	
0	0	-147	
0	0	-147	
0	0	-147	
0	0	-147	
0	0	-147	
0	0	-147	
0	0	-147	
0	0	-147	
0	0	-147	
0	0	-147	
0	0	-147	
0	0	-147	
0	0	-147	
0	0	-147	
0	0	-147	
0	0	-147	
0	0	-147	
0	0	-147	
0	0	-147	
0	0	-147	
0	0	-147	
0	0	-147	
0	0	-147	
0	0	-147	
0	0	-147	
0	0	-147	
0	0	-147	
0	0	-147	
0	0	-147	
0	0	-147	
0	0	-147	
0	0	-147	
0	0	-147	
0	0	-147	
0	0	-147	
0	0	-147	
0	0	-147	
0	0	-147	
0	0	-147	
0	0	-147	
0	0	-147	
0	0	-147	
0	0	-147	
0	0	-147	
0	0	-147	
0	0	-147	
0	0	-147	
0	0	-147	
0	0	-147	
0	0	-147	
0	0	-147	
0	0	-147	
0	0	-147	
0	0	-147	
0	0	-147	
0	0	-147	
0	0	-147	
0	0	-147	
0	0	-147	
0	0	-147	
0	0	-147	
0	0	-147	
0	0	-147	
0	0	-147	
0	0	-147	
0	0	-147	
0	0	-147	
0	0	-147	
0	0	-147	
0	0	-147	
0	0	-147	
0	0	-147	
0	0	-147	
0	0	-147	
0	0	-147	
0	0	-147	
0	0	-147	
0	0	-147	
0	0	-147	
0	0	-147	
0	0	-147	
0	0	-147	
0	0	-147	
0	0	-147	
0	0	-147	
0	0	-147	
0	0	-147	
0	0	-147	
0	0	-147	
0	0	-147	
0	0	-147	
0	0	-147	
0	0	-147	
0	0	-147	
0	0	-147	
0	0	-147	
0	0	-147	
0	0	-147	
0	0	-147	
0	0	-147	
0	0	-147	
0	0	-147	
0	0	-147	
0	0	-147	
0	0	-147	
0	0	-147	
0	0	-147	
0	0	-147	
0	0	-147	
0	0	-147	
0	0	-147	
0	0	-147	
0	0	-147	
0	0	-147	
0	0	-147	
0	0	-147	
0	0	-147	
0	0	-147	
0	0	-147	
0	0	-147	
0	0	-147	
0	0	-147	
0	0	-147	
0	0	-147	
0	0	-147	
0	0	-147	
0	0	-147	
0	0	-147	
0	0	-147	
0	0	-147	
0	0	-147	
0	0	-147	
0	0	-147	
0	0	-147	
0	0	-147	
0	0	-147	
0	0	-147	
0	0	-147	
0	0	-147	
0	0	-147	
0	0	-147	
0	0	-147	
0	0	-147	
0	0	-147	
0	0	-147	
0	0	-147	
0	0	-147	
0	0	-147	
0	0	-147	
0	0	-147	
0	0	-147	
0	0	-147	
0	0	-147	
0	0	-147	
0	0	-147	
0	0	-147	
0	0	-147	
0	0	-147	
0	0	-147	
0	0	-147	
0	0	-147	
0	0	-147	
0	0	-147	
0	0	-147	
0	0	-147	
0	0	-147	
0	0	-147	
0	0	-147	
0	0	-147	
0	0	-147	
0	0	-147	
0	0	-147	
0	0	-147	
0	0	-147	
0	0	-147	
0	0	-147	
0	0	-147	
0	0	-147	
0	0	-147	
0	0	-147	
0	0	-147	
0	0	-147	
0	0	-147	
0	0	-147	
0	0	-147	
0	0	-147	
0	0	-147	
0	0	-147	
0	0	-147	
0	0	-147	
0	0	-147	
0	0	-147	
0	0	-147	
0	0	-147	
0	0	-147	
0	0	-147	
0	0	-147	
0	0	-147	
0	0	-147	
0	0	-147	
0	0	-147	
0	0	-147	
0	0	-147	
0	0	-147	
0	0	-147	
0	0	-147	
0	0	-147	
0	0	-147	
0	0	-147	
0	0	-147	
0	0	-147	
0	0	-147	
0	0	-147	
0	0	-147	
0	0	-147	
0	0	-147	
0	0	-147	
0	0	-147	
0	0	-147	
0	0	-147	
0	0	-147	
0	0	-147	
0	0	-147	
0	0	-147	
0	0	-147	
0	0	-147	
0	0	-147	
0	0	-147	
0	0	-147	
0	0	-147	
0	0	-147	
0	0	-147	
0	0	-147	
0	0	-147	
0	0	-147	
0	0	-147	
0	0	-147	
0	0	-147	
0	0	-147	
0	0	-147	
0	0	-147	
0	0	-147	
0	0	-147	
0	0	-147	
0	0	-147	
0	0	-147	
0	0	-147	
0	0	-147	
0	0	-147	
0	0	-147	
0	0	-147	
0	0	-147	
0	0	-147	
0	0	-147	
0	0	-147	
0	0	-147	
0	0	-147	
0	0	-147	
0	0	-147	
0	0	-147	
0	0	-147	
0	0	-147	
0	0	-147	
0	0	-147	
0	0	-147	
0	0	-147	
0	0	-147	
0	0	-147	
0	0	-147	
0	0	-147	
0	0	-147	
0	0	-147	
0	0	-147	
0	0	-147	
0	0	-147	
0	0	-147	
0	0	-147	
0	0	-147	
0	0	-147	
0	0	-147	
0	0	-147	
0	0	-147	
0	0	-147	
0	0	-147	
0	0	-147	
0	0	-147	
0	0	-147	
0	0	-147	
0	0	-147	
0	0	-147	
0	0	-147	
0	0	-147	
0	0	-147	
0	0	-147	
0	0	-147	
0	0	-147	
0	0	-147	
0	0	-147	
0	0	-147	
0	0	-147	
0	0	-147	
0	0	-147	
0	0	-147	
0	0	-147	
0	0	-147	
0	0	-147	
0	0	-147	
0	0	-147	
0	0	-147	
0	0	-147	
0	0	-147	
0	0	-147	
0	0	-147	
0	0	-147	
0	0	-147	
0	0	-147	
0	0	-147	
0	0	-147	
0	0	-147	
0	0	-147	
0	0	-147	
0	0	-147	
0	0	-147	
0	0	-147	
0	0	-147	
0	0	-147	
0	0	-147	
0	0	-147	
0	0	-147	
0	0	-147	
0	0	-147	
0	0	-147	
0	0	-147	
0	0	-147	
0	0	-147	
0	0	-147	
0	0	-147	
0	0	-147	
0	0	-147	
0	0	-147	
0	0	-147	
0	0	-147	
0	0	-147	
0	0	-147	
0	0	-147	
0	0	-147	
0	0	-147	
0	0	-147	
0	0	-147	
0	0	-147	
0	0	-147	
0	0	-147	
0	0	-147	
0	0	-147	
0	0	-147	
0	0	-147	
0	0	-147	
0	0	-147	
0	0	-147	
0	0	-147	
0	0	-147	
0	0	-147	
0	0	-147	
0	0	-147	
0	0	-147	
0	0	-147	
0	0	-147	
0	0	-147	
0	0	-147	
0	0	-147	
0	0	-147	
0	0	-147	
0	0	-147	
0	0	-147	
0	0	-147	
0	0	-147	
0	0	-147	
0	0	-147	
0	0	-147	
0	0	-147	
0	0	-147	
0	0	-147	
0	0	-147	
0	0	-147	
0	0	-147	
0	0	-147	
0	0	-147	
0	0	-147	
0	0	-147	
0	0	-147	
0	0	-147	
0	0	-147	
0	0	-147	
0	0	-147	
0	0	-147	
0	0	-147	
0	0	-147	
0	0	-147	
0	0	-147	
0	0	-147	
0	0	-147	
0	0	-147	
0	0	-147	
0	0	-147	
0	0	-147	
0	0	-147	
0	0	-147	
0	0	-147	
0	0	-147	
0	0	-147	
0	0	-147	
0	0	-147	
0	0	-147	
0	0	-147	
0	0	-147	
0	0	-147	
0	0	-147	
0	0	-147	
0	0	-147	
0	0	-147	
0	0	-147	
0	0	-147	
0	0	-147	
0	0	-147	
0	0	-147	
0	0	-147	
0	0	-147	
0	0	-147	
0	0	-147	
0	0	-147	
0	0	-147	
0	0	-147	
0	0	-147	
0	0	-147	
0	0	-147	
0	0	-147	
0	0	-147	
0	0	-147	
0	0	-147	
0	0	-147	
0	0	-147	
0	0	-147	
0	0	-147	
0	0	-147	
0	0	-147	
0	0	-147	
0	0	-147	
0	0	-147	
0	0	-147	
0	0	-147	
0	0	-147	
0	0	-147	
0	0	-147	
0	0	-147	
0	0	-147	
0	0	-147	
0	0	-147	
0	0	-147	
0	0	-147	
0	0	-147	
0	0	-147	
0	0	-147	
0	0	-147	
0	0	-147	
0	0	-147	
0	0	-147	
0	0	-147	
0	0	-147	
0	0	-147	
0	0	-147	
0	0	-147	
0	0	-147	
0	0	-147	
0	0	-147	
0	0	-147	
0	0	-147	
0	0	-147	
0	0	-147	
0	0	-147	
0	0	-147	
0	0	-147	
0	0	-147	
0	0	-147	
0	0	-147	
0	0	-147	
0	0	-147	
0	0	-147	
0	0	-147	
0	0	-147	
0	0	-147	
0	0	-147	
0	0	-147	
0	0	-147	
0	0	-147	
0	0	-147	
0	0	-147	
0	0	-147	
0	0	-147	
0	0	-147	
0	0	-147	
0	0	-147	
0	0	-147	
0	0	-147	
0	0	-147	
0	0	-147	
0	0	-147	
0	0	-147	
0	0	-147	
0	0	-147	
0	0	-147	
0	0	-147	
0	0	-147	
0	0	-147	
0	0	-147	
0	0	-147	
0	0	-147	
0	0	-147	
0	0	-147	
0	0	-147	
0	0	-147	
0	0	-147	
0	0	-147	
0	0	-147	
0	0	-147	
0	0	-147	
0	0	-147	
0	0	-147	
0	0	-147	
0	0	-147	
0	0	-147	
0	0	-147	
0	0	-147	
0	0	-147	
0	0	-147	
0	0	-147	
0	0	-147	
0	0	-147	
0	0	-147	
0	0	-147	
0	0	-147	
0	0	-147	
0	0	-147	
0	0	-147	
0	0	-147	
0	0	-147	
0	0	-147	
0	0	-147	
0	0	-147	
0	0	-147	
0	0	-147	
0	0	-147	
0	0	-147	
0	0	-147	
0	0	-147	
0	0	-147	
0	0	-147	
0	0	-147	
0	0	-147	
0	0	-147	
0	0	-147	
0	0	-147	
0	0	-147	
0	0	-147	
0	0	-147	
0	0	-147	
0	0	-147	
0	0	-147	
0	0	-147	
0	0	-147	
0	0	-147	
0	0	-147	
0	0	-147	
0	0	-147	
0	0	-147	
0	0	-147	
0	0	-147	
0	0	-147	
0	0	-147	
0	0	-147	
0	0	-147	
0	0	-147	
0	0	-147	
0	0	-147	
0	0	-147	
0	0	-147	
0	0	-147	
0	0	-147	
0	0	-147	
0	0	-147	
0	0	-147	
0	0	-147	
0	0	-147	
0	0	-147	
0	0	-147	
0	0	-147	
0	0	-147	
0	0	-147	
0	0	-147	
0	0	-147	
0	0	-147	
0	0	-147	
0	0	-147	
0	0	-147	
0	0	-147	
0	0	-147	
0	0	-147	
0	0	-147	
0	0	-147	
0	0	-147	
0	0	-147	
0	0	-147	
0	0	-147	
0	0	-147	
0	0	-147	
0	0	-147	
0	0	-147	
0	0	-147	
0	0	-147	
0	0	-147	
0	0	-147	
0	0	-147	
0	0	-147	
0	0	-147	
0	0	-147	
0	0	-147	
0	0	-147	
0	0	-147	
0	0	-147	
0	0	-147	
0	0	-147	
0	0	-147	
0	0	-147	
0	0	-147	
0	0	-147	
0	0	-147	
0	0	-147	
0	0	-147	
0	0	-147	
0	0	-147	
0	0	-147	
0	0	-147	
0	0	-147	
0	0	-147	
0	0	-147	
0	0	-147	
0	0	-147	
0	0	-147	
0	0	-147	
0	0	-147	
0	0	-147	
0	0	-147	
0	0	-147	
0	0	-147	
0	0	-147	
0	0	-147	
0	0	-147	
0	0	-147	
0	0	-147	
0	0	-147	
0	0	-147	
0	0	-147	
0	0	-147	
0	0	-147	
0	0	-147	
0	0	-147	
0	0	-147	
0	0	-147	
0	0	-147	
0	0	-147	
0	0	-147	
0	0	-147	
0	0	-147	
0	0	-147	
0	0	-147	
0	0	-147	
0	0	-147	
0	0	-147	
0	0	-147	
0	0	-147	
0	0	-147	
0	0	-147	
0	0	-147	
0	0	-147	
0	0	-147	
0	0	-147	
0	0	-147	
0	0	-147	
0	0	-147	
0	0	-147	
0	0	-147	
0	0	-147	
0	0	-147	
0	0	-147	
0	0	-147	
0	0	-147	
0	0	-147	
0	0	-147	
0	0	-147	
0	0	-147	
0	0	-147	
0	0	-147	
0	0	-147	
0	0	-147	
0	0	-147	
0	0	-147	
0	0	-147	
0	0	-147	
0	0	-147	
0	0	-147	
0	0	-147	
0	0	-147	
0	0	-147	
0	0	-147	
0	0	-147	
0	0	-147	
0	0	-147	
0	0	-147	
0	0	-147	
0	0	-147	
0	0	-147	
0	0	-147	
0	0	-147	
0	0	-147	
0	0	-147	
0	0	-147	
0	0	-147	
0	0	-147	
0	0	-147	
0	0	-147	
0	0	-147	
0	0	-147	
0	0	-147	
0	0	-147	
0	0	-147	
0	0	-147	
0	0	-147	
0	0	-147	
0	0	-147	
0	0	-147	
0	0	-147	
0	0	-147	
0	0	-147	
0	0	-147	
0	0	-147	
0	0	-147	
0	0	-147	
0	0	-147	
0	0	-147	
0	0	-147	
0	0	-147	
0	0	-147	
0	0	-147	
0	0	-147	
0	0	-147	
0	0	-147	
0	0	-147	
0	0	-147	
0	0	-147	
0	0	-147	
0	0	-147	
0	0	-147	
0	0	-147	
0	0	-147	
0	0	-147	
0	0	-147	
0	0	-147	
0	0	-147	
0	0	-147	
0	0	-147	
0	0	-147	
0	0	-147	
0	0	-147	
0	0	-147	
0	0	-147	
0	0	-147	
0	0	-147	
0	0	-147	
0	0	-147	
0	0	-147	
0	0	-147	
0	0	-147	
0	0	-147	
0	0	-147	
0	0	-147	
0	0	-147	
0	0	-147	
0	0	-147	
0	0	-147	
0	0	-147	
0	0	-147	
0	0	-147	
0	0	-147	
0	0	-147	
0	0	-147	
0	0	-147	
0	0	-147	
0	0	-147	
0	0	-147	
0	0	-147	
0	0	-147	
0	0	-147	
0	0	-147	
0	0	-147	
0	0	-147	
0	0	-147	
0	0	-147	
0	0	-147	
0	0	-147	
0	0	-147	
0	0	-147	
0	0	-147	
0	0	-147	
0	0	-147	
0	0	-147	
0	0	-147	
0	0	-147	
0	0	-147	
0	0	-147	
0	0	-147	
0	0	-147	
0	0	-147	
0	0	-147	
0	0	-147	
0	0	-147	
0	0	-147	
0	0	-147	
0	0	-147	
0	0	-147	
0	0	-147	
0	0	-147	
0	0	-147	
0	0	-147	
0	0	-147	
0	0	-147	
0	0	-147	
0	0	-147	
0	0	-147	
0	0	-147	
0	0	-147	
0	0	-147	
0	0	-147	
0	0	-147	
0	0	-147	
0	0	-147	
0	0	-147	
0	0	-147	
0	0	-147	
0	0	-147	
0	0	-147	
0	0	-147	
0	0	-147	
0	0	-147	
0	0	-147	
0	0	-147	
0	0	-147	
0	0	-147	
0	0	-147	
0	0	-147	
0	0	-147	
0	0	-147	
0	0	-147	
0	0	-147	
0	0	-147	
0	0	-147	
0	0	-147	
0	0	-147	
0	0	-147	
0	0	-147	
0	0	-147	
0	0	-147	
0	0	-147	
0	0	-147	
0	0	-147	
0	0	-147	
0	0	-147	
0	0	-147	
0	0	-147	
0	0	-147	
0	0	-147	
0	0	-147	
0	0	-147	
0	0	-147	
0	0	-147	
0	0	-147	
0	0	-147	
0	0	-147	
0	0	-147	
0	0	-147	
0	0	-147	
0	0	-147	
0	0	-147	
0	0	-147	
0	0	-147	
0	0	-147	
0	0	-147	
0	0	-147	
0	0	-147	
0	0	-147	
0	0	-147	
0	0	-147	
0	0	-147	
0	0	-147	
0	0	-147	
0	0	-147	
0	0	-147	
0	0	-147	
0	0	-147	
0	0	-147	
0	0	-147	
0	0	-147	
0	0	-147	
0	0	-147	
0	0	-147	
0	0	-147	
0	0	-147	
0	0	-147	
0	0	-147	
0	0	-147	
0	0	-147	
0	0	-147	
0	0	-147	
0	0	-147	
0	0	-147	
0	0	-147	
0	0	-147	
0	0	-147	
0	0	-147	
0	0	-147	
0	0	-147	
0	0	-147	
0	0	-147	
0	0	-147	
0	0	-147	
0	0	-147	
0	0	-147	
0	0	-147	
0	0	-147	
0	0	-147	
0	0	-147	
0	0	-147	
0	0	-147	
0	0	-147	
0	0	-147	
0	0	-147	
0	0	-147	
0	0	-147	
0	0	-147	
0	0	-147	
0	0	-147	
0	0	-147	
0	0	-147	
0	0	-147	
0	0	-147	
0	0	-147	
0	0	-147	
0	0	-147	
0	0	-147	
0	0	-147	
0	0	-147	
0	0	-147	
0	0	-147	
0	0	-147	
0	0	-147	
0	0	-147	
0	0	-147	
0	0	-147	
0	0	-147	
0	0	-147	
0	0	-147	
0	0	-147	
0	0	-147	
0	0	-147	
0	0	-147	
0	0	-147	
0	0	-147	
0	0	-147	
0	0	-147	
0	0	-147	
0	0	-147	
0	0	-147	
0	0	-147	
0	0	-147	
0	0	-147	
0	0	-147	
0	0	-147	
0	0	-147	
0	0	-147	
0	0	-147	
0	0	-147	
0	0	-147	
0	0	-147	
0	0	-147	
0	0	-147	
0	0	-147	
0	0	-147	
0	0	-147	
0	0	-147	
0	0	-147	
0	0	-147	
0	0	-147	
0	0	-147	
0	0	-147	
0	0	-147	
0	0	-147	
0	0	-147	
0	0	-147	
0	0	-147	
0	0	-147	
0	0	-147	
0	0	-147	
0	0	-147	
0	0	-147	
0	0	-147	
0	0	-147	
0	0	-147	
0	0	-147	
0	0	-147	
0	0	-147	
0	0	-147	
0	0	-147	
0	0	-147	
0	0	-147	
0	0	-147	
0	0	-147	
0	0	-147	
0	0	-147	
0	0	-147	
0	0	-147	
