0	0	-147	
0	0	-147	
0	0	-147	
0	0	-147	
0	0	-147	
0	0	-147	
0	0	-147	
0	0	-147	
0	0	-147	
0	0	-147	
0	0	-147	
0	0	-147	
0	0	-147	
0	0	-147	
0	0	-147	
0	0	-147	
0	0	-147	
0	0	-147	
0	0	-147	
0	0	-147	
0	0	-147	
0	0	-147	
0	0	-147	
0	0	-147	
0	0	-147	
0	0	-147	
0	0	-147	
0	0	-147	
0	0	-147	
0	0	-147	
0	0	-147	
0	0	-147	
0	0	-147	
0	0	-147	
0	0	-147	
0	0	-147	
0	0	-147	
0	0	-147	
0	0	-147	
0	0	-147	
0	0	-147	
0	0	-147	
0	0	-147	
0	0	-147	
0	0	-147	
0	0	-147	
0	0	-147	
0	0	-147	
0	0	-147	
0	0	-147	
0	0	-147	
0	0	-147	
0	0	-147	
0	0	-147	
0	0	-147	
0	0	-147	
0	0	-147	
0	0	-147	
0	0	-147	
0	0	-147	
0	0	-147	
0	0	-147	
0	0	-147	
0	0	-147	
0	0	-147	
0	0	-147	
0	0	-147	
0	0	-147	
0	0	-147	
0	0	-147	
0	0	-147	
0	0	-147	
0	0	-147	
0	0	-147	
0	0	-147	
0	0	-147	
0	0	-147	
0	0	-147	
0	0	-147	
0	0	-147	
0	0	-147	
0	0	-147	
0	0	-147	
0	0	-147	
0	0	-147	
0	0	-147	
0	0	-147	
0	0	-147	
0	0	-147	
0	0	-147	
0	0	-147	
0	0	-147	
0	0	-147	
0	0	-147	
0	0	-147	
0	0	-147	
0	0	-147	
0	0	-147	
0	0	-147	
0	0	-147	
0	0	-147	
0	0	-147	
0	0	-147	
0	0	-147	
0	0	-147	
0	0	-147	
0	0	-147	
0	0	-147	
0	0	-147	
0	0	-147	
0	0	-147	
0	0	-147	
0	0	-147	
0	0	-147	
0	0	-147	
0	0	-147	
0	0	-147	
0	0	-147	
0	0	-147	
0	0	-147	
0	0	-147	
0	0	-147	
0	0	-147	
0	0	-147	
0	0	-147	
0	0	-147	
0	0	-147	
0	0	-147	
0	0	-147	
0	0	-147	
0	0	-147	
0	0	-147	
0	0	-147	
0	0	-147	
0	0	-147	
0	0	-147	
0	0	-147	
0	0	-147	
0	0	-147	
0	0	-147	
0	0	-147	
0	0	-147	
0	0	-147	
0	0	-147	
0	0	-147	
0	0	-147	
0	0	-147	
0	0	-147	
0	0	-147	
0	0	-147	
0	0	-147	
0	0	-147	
0	0	-147	
0	0	-147	
0	0	-147	
0	0	-147	
0	0	-147	
0	0	-147	
0	0	-147	
0	0	-147	
0	0	-147	
0	0	-147	
0	0	-147	
0	0	-147	
0	0	-147	
0	0	-147	
0	0	-147	
0	0	-147	
0	0	-147	
0	0	-147	
0	0	-147	
0	0	-147	
0	0	-147	
0	0	-147	
0	0	-147	
0	0	-147	
0	0	-147	
0	0	-147	
0	0	-147	
0	0	-147	
0	0	-147	
0	0	-147	
0	0	-147	
0	0	-147	
0	0	-147	
0	0	-147	
0	0	-1.30102	
0	0	-1.27371	
0	0	-1.24727	
0	0	-1.22166	
0	0	-1.19688	
0	0	-1.17289	
0	0	-1.14968	
0	0	-1.12721	
0	0	-1.10547	
0	0	-1.08444	
0	0	-1.0641	
0	0	-1.04441	
0	0	-1.02556	
0	0	-1.00684	
0	0	-0.988735	
0	0	-0.97126	
0	0	-0.954388	
0	0	-0.938101	
0	0	-0.922378	
0	0	-0.907202	
0	0	-0.892548	
0	0	-0.878418	
0	0	-0.864796	
0	0	-0.851666	
0	0	-0.839013	
0	0	-0.826822	
0	0	-0.815078	
0	0	-0.80377	
0	0	-0.792883	
0	0	-0.782405	
0	0	-0.772305	
0	0	-147	
0	0	-147	
0	0	-147	
0	0	-147	
0	0	-147	
0	0	-147	
0	0	-147	
0	0	-147	
0	0	-147	
0	0	-147	
0	0	-147	
0	0	-147	
0	0	-147	
0	0	-147	
0	0	-147	
0	0	-147	
0	0	-147	
0	0	-147	
0	0	-147	
0	0	-147	
0	0	-147	
0	0	-147	
0	0	-147	
0	0	-147	
0	0	-147	
0	0	-147	
0	0	-147	
0	0	-147	
0	0	-147	
0	0	-147	
0	0	-147	
0	0	-3.13037	
0	0	-3.05602	
0	0	-2.98312	
0	0	-2.9117	
0	0	-2.84177	
0	0	-2.77334	
0	0	-2.70644	
0	0	-2.64107	
0	0	-2.57731	
0	0	-2.51505	
0	0	-2.4543	
0	0	-2.39506	
0	0	-2.33731	
0	0	-2.28105	
0	0	-2.22627	
0	0	-2.17287	
0	0	-2.12092	
0	0	-2.07022	
0	0	-2.02182	
0	0	-1.97318	
0	0	-1.92601	
0	0	-1.88031	
0	0	-1.836	
0	0	-1.79302	
0	0	-1.75134	
0	0	-1.71091	
0	0	-1.67169	
0	0	-1.63366	
0	0	-1.59678	
0	0	-1.56102	
0	0	-1.52635	
0	0	-147	
0	0	-147	
0	0	-147	
0	0	-147	
0	0	-147	
0	0	-147	
0	0	-147	
0	0	-147	
0	0	-147	
0	0	-147	
0	0	-147	
0	0	-147	
0	0	-147	
0	0	-147	
0	0	-147	
0	0	-147	
0	0	-147	
0	0	-147	
0	0	-147	
0	0	-147	
0	0	-147	
0	0	-147	
0	0	-147	
0	0	-147	
0	0	-147	
0	0	-147	
0	0	-147	
0	0	-147	
0	0	-147	
0	0	-147	
0	0	-147	
0	0	-147	
0	0	-147	
0	0	-147	
0	0	-147	
0	0	-147	
0	0	-147	
0	0	-147	
0	0	-147	
0	0	-147	
0	0	-147	
0	0	-147	
0	0	-147	
0	0	-147	
0	0	-147	
0	0	-147	
0	0	-147	
0	0	-147	
0	0	-147	
0	0	-147	
0	0	-147	
0	0	-147	
0	0	-147	
0	0	-147	
0	0	-147	
0	0	-147	
0	0	-147	
0	0	-147	
0	0	-147	
0	0	-147	
0	0	-147	
0	0	-147	
0	0	-147	
0	0	-147	
0	0	-147	
0	0	-147	
0	0	-147	
0	0	-147	
0	0	-147	
0	0	-147	
0	0	-147	
0	0	-147	
0	0	-147	
0	0	-147	
0	0	-147	
0	0	-147	
0	0	-147	
0	0	-147	
0	0	-147	
0	0	-147	
0	0	-147	
0	0	-147	
0	0	-147	
0	0	-147	
0	0	-147	
0	0	-147	
0	0	-147	
0	0	-147	
0	0	-147	
0	0	-147	
0	0	-147	
0	0	-147	
0	0	-147	
0	0	-147	
0	0	-147	
0	0	-147	
0	0	-147	
0	0	-147	
0	0	-147	
0	0	-147	
0	0	-147	
0	0	-147	
0	0	-147	
0	0	-147	
0	0	-147	
0	0	-147	
0	0	-147	
0	0	-147	
0	0	-147	
0	0	-147	
0	0	-147	
0	0	-147	
0	0	-147	
0	0	-147	
0	0	-147	
0	0	-147	
0	0	-147	
0	0	-147	
0	0	-147	
0	0	-147	
0	0	-147	
0	0	-147	
0	0	-147	
0	0	-147	
0	0	-147	
0	0	-147	
0	0	-147	
0	0	-147	
0	0	-147	
0	0	-147	
0	0	-147	
0	0	-147	
0	0	-147	
0	0	-147	
0	0	-147	
0	0	-147	
0	0	-147	
0	0	-147	
0	0	-147	
0	0	-147	
0	0	-147	
0	0	-147	
0	0	-147	
0	0	-147	
0	0	-147	
0	0	-147	
0	0	-147	
0	0	-147	
0	0	-147	
0	0	-147	
0	0	-147	
0	0	-147	
0	0	-147	
0	0	-147	
0	0	-147	
0	0	-147	
0	0	-147	
0	0	-147	
0	0	-147	
0	0	-147	
0	0	-147	
0	0	-147	
0	0	-147	
0	0	-147	
0	0	-147	
0	0	-147	
0	0	-147	
0	0	-147	
0	0	-147	
0	0	-147	
0	0	-147	
0	0	-147	
0	0	-147	
0	0	-147	
0	0	-147	
0	0	-147	
0	0	-147	
0	0	-147	
0	0	-147	
0	0	-147	
0	0	-147	
0	0	-147	
0	0	-147	
0	0	-147	
0	0	-147	
0	0	-147	
0	0	-147	
0	0	-147	
0	0	-147	
0	0	-147	
0	0	-147	
0	0	-147	
0	0	-147	
0	0	-147	
0	0	-147	
0	0	-147	
0	0	-147	
0	0	-147	
0	0	-147	
0	0	-147	
0	0	-147	
0	0	-147	
0	0	-147	
0	0	-147	
0	0	-147	
0	0	-147	
0	0	-147	
0	0	-147	
0	0	-147	
0	0	-147	
0	0	-147	
0	0	-147	
0	0	-147	
0	0	-147	
0	0	-147	
0	0	-147	
0	0	-147	
0	0	-147	
0	0	-147	
0	0	-147	
0	0	-147	
0	0	-147	
0	0	-147	
0	0	-147	
0	0	-147	
0	0	-147	
0	0	-147	
0	0	-147	
0	0	-147	
0	0	-147	
0	0	-147	
0	0	-147	
0	0	-147	
0	0	-147	
0	0	-147	
0	0	-147	
0	0	-147	
0	0	-147	
0	0	-147	
0	0	-147	
0	0	-147	
0	0	-147	
0	0	-147	
0	0	-147	
0	0	-147	
0	0	-147	
0	0	-147	
0	0	-147	
0	0	-147	
0	0	-147	
0	0	-147	
0	0	-147	
0	0	-147	
0	0	-147	
0	0	-147	
0	0	-147	
0	0	-147	
0	0	-147	
0	0	-147	
0	0	-147	
0	0	-147	
0	0	-147	
0	0	-147	
0	0	-147	
0	0	-147	
0	0	-147	
0	0	-147	
0	0	-147	
0	0	-147	
0	0	-147	
0	0	-147	
0	0	-147	
0	0	-147	
0	0	-147	
0	0	-147	
0	0	-147	
0	0	-147	
0	0	-147	
0	0	-147	
0	0	-147	
0	0	-147	
0	0	-147	
0	0	-147	
0	0	-147	
0	0	-147	
0	0	-147	
0	0	-147	
0	0	-147	
0	0	-147	
0	0	-147	
0	0	-147	
0	0	-147	
0	0	-147	
0	0	-147	
0	0	-147	
0	0	-147	
0	0	-147	
0	0	-147	
0	0	-147	
0	0	-147	
0	0	-147	
0	0	-147	
0	0	-147	
0	0	-147	
0	0	-147	
0	0	-147	
0	0	-147	
0	0	-147	
0	0	-147	
0	0	-147	
0	0	-147	
0	0	-147	
0	0	-147	
0	0	-147	
0	0	-147	
0	0	-147	
0	0	-147	
0	0	-147	
0	0	-147	
0	0	-147	
0	0	-147	
0	0	-147	
0	0	-147	
0	0	-147	
0	0	-147	
0	0	-147	
0	0	-147	
0	0	-147	
0	0	-147	
0	0	-147	
0	0	-147	
0	0	-147	
0	0	-147	
0	0	-147	
0	0	-147	
0	0	-147	
0	0	-147	
0	0	-147	
0	0	-147	
0	0	-147	
0	0	-147	
0	0	-147	
0	0	-147	
0	0	-147	
0	0	-147	
0	0	-147	
0	0	-147	
0	0	-147	
0	0	-147	
0	0	-147	
0	0	-147	
0	0	-147	
0	0	-147	
0	0	-147	
0	0	-147	
0	0	-147	
0	0	-147	
0	0	-147	
0	0	-147	
0	0	-147	
0	0	-147	
0	0	-147	
0	0	-147	
0	0	-147	
0	0	-147	
0	0	-147	
0	0	-147	
0	0	-147	
0	0	-147	
0	0	-147	
0	0	-147	
0	0	-147	
0	0	-147	
0	0	-147	
0	0	-147	
0	0	-147	
0	0	-147	
0	0	-147	
0	0	-147	
0	0	-147	
0	0	-147	
0	0	-147	
0	0	-147	
0	0	-147	
0	0	-147	
0	0	-147	
0	0	-147	
0	0	-147	
0	0	-147	
0	0	-147	
0	0	-147	
0	0	-147	
0	0	-147	
0	0	-147	
0	0	-147	
0	0	-147	
0	0	-147	
0	0	-147	
0	0	-147	
0	0	-147	
0	0	-147	
0	0	-147	
0	0	-147	
0	0	-147	
0	0	-147	
0	0	-147	
0	0	-147	
0	0	-147	
0	0	-147	
0	0	-147	
0	0	-147	
0	0	-147	
0	0	-147	
0	0	-147	
0	0	-147	
0	0	-147	
0	0	-147	
0	0	-147	
0	0	-147	
0	0	-147	
0	0	-147	
0	0	-147	
0	0	-147	
0	0	-147	
0	0	-147	
0	0	-147	
0	0	-147	
0	0	-147	
0	0	-147	
0	0	-147	
0	0	-147	
0	0	-147	
0	0	-147	
0	0	-147	
0	0	-147	
0	0	-147	
0	0	-147	
0	0	-147	
0	0	-147	
0	0	-147	
0	0	-147	
0	0	-147	
0	0	-147	
0	0	-147	
0	0	-147	
0	0	-147	
0	0	-147	
0	0	-147	
0	0	-147	
0	0	-147	
0	0	-147	
0	0	-147	
0	0	-147	
0	0	-147	
0	0	-147	
0	0	-147	
0	0	-147	
0	0	-147	
0	0	-147	
0	0	-147	
0	0	-147	
0	0	-147	
0	0	-147	
0	0	-147	
0	0	-147	
0	0	-147	
0	0	-147	
0	0	-147	
0	0	-147	
0	0	-147	
0	0	-147	
0	0	-147	
0	0	-147	
0	0	-147	
0	0	-147	
0	0	-147	
0	0	-147	
0	0	-147	
0	0	-147	
0	0	-147	
0	0	-147	
0	0	-147	
0	0	-147	
0	0	-147	
0	0	-147	
0	0	-147	
0	0	-147	
0	0	-147	
0	0	-147	
0	0	-147	
0	0	-147	
0	0	-147	
0	0	-147	
0	0	-147	
0	0	-147	
0	0	-147	
0	0	-147	
0	0	-147	
0	0	-147	
0	0	-147	
0	0	-147	
0	0	-147	
0	0	-147	
0	0	-147	
0	0	-147	
0	0	-147	
0	0	-147	
0	0	-147	
0	0	-147	
0	0	-147	
0	0	-147	
0	0	-147	
0	0	-147	
0	0	-147	
0	0	-147	
0	0	-147	
0	0	-147	
0	0	-147	
0	0	-147	
0	0	-147	
0	0	-147	
0	0	-147	
0	0	-147	
0	0	-147	
0	0	-147	
0	0	-147	
0	0	-147	
0	0	-147	
0	0	-147	
0	0	-147	
0	0	-147	
0	0	-147	
0	0	-147	
0	0	-147	
0	0	-147	
0	0	-147	
0	0	-147	
0	0	-147	
0	0	-147	
0	0	-147	
0	0	-147	
0	0	-147	
0	0	-147	
0	0	-147	
0	0	-147	
0	0	-147	
0	0	-147	
0	0	-147	
0	0	-147	
0	0	-147	
0	0	-147	
0	0	-147	
0	0	-147	
0	0	-147	
0	0	-147	
0	0	-147	
0	0	-147	
0	0	-147	
0	0	-147	
0	0	-147	
0	0	-147	
0	0	-147	
0	0	-147	
0	0	-147	
0	0	-147	
0	0	-147	
0	0	-147	
0	0	-147	
0	0	-147	
0	0	-147	
0	0	-147	
0	0	-147	
0	0	-147	
0	0	-147	
0	0	-147	
0	0	-147	
0	0	-147	
0	0	-147	
0	0	-147	
0	0	-147	
0	0	-147	
0	0	-147	
0	0	-147	
0	0	-147	
0	0	-147	
0	0	-147	
0	0	-147	
0	0	-147	
0	0	-147	
0	0	-147	
0	0	-147	
0	0	-147	
0	0	-147	
0	0	-147	
0	0	-147	
0	0	-147	
0	0	-147	
0	0	-147	
0	0	-147	
0	0	-147	
0	0	-147	
0	0	-147	
0	0	-147	
0	0	-147	
0	0	-147	
0	0	-147	
0	0	-147	
0	0	-147	
0	0	-147	
0	0	-147	
0	0	-147	
0	0	-147	
0	0	-147	
0	0	-147	
0	0	-147	
0	0	-147	
0	0	-147	
0	0	-147	
0	0	-147	
0	0	-147	
0	0	-7.34155	
0	0	-7.34168	
0	0	-7.34181	
0	0	-7.34192	
0	0	-7.34202	
0	0	-7.34221	
0	0	-7.34238	
0	0	-7.34256	
0	0	-7.34264	
0	0	-7.3426	
0	0	-7.3424	
0	0	-7.34205	
0	0	-7.34155	
0	0	-7.34075	
0	0	-7.33976	
0	0	-7.33853	
0	0	-7.33718	
0	0	-7.33541	
0	0	-7.33312	
0	0	-7.32889	
0	0	-7.33111	
0	0	-7.33229	
0	0	-7.33231	
0	0	-7.3345	
0	0	-7.33451	
0	0	-7.33469	
0	0	-7.33456	
0	0	-7.33399	
0	0	-7.33274	
0	0	-7.3287	
0	0	-7.3307	
0	0	-1.75401	
0	0	-1.72648	
0	0	-1.69958	
0	0	-1.67327	
0	0	-1.64756	
0	0	-1.62244	
0	0	-1.59793	
0	0	-1.57393	
0	0	-1.55039	
0	0	-1.52744	
0	0	-1.50502	
0	0	-1.48312	
0	0	-1.46172	
0	0	-1.44084	
0	0	-1.4205	
0	0	-1.40056	
0	0	-1.38106	
0	0	-1.36204	
0	0	-1.34352	
0	0	-1.32538	
0	0	-1.30767	
0	0	-1.29036	
0	0	-1.27345	
0	0	-1.2569	
0	0	-1.24081	
0	0	-1.22514	
0	0	-1.20981	
0	0	-1.19485	
0	0	-1.18026	
0	0	-1.16606	
0	0	-1.15216	
0	0	-1.50473	
0	0	-1.52221	
0	0	-1.54001	
0	0	-1.55812	
0	0	-1.57657	
0	0	-1.59535	
0	0	-1.61446	
0	0	-1.63391	
0	0	-1.65373	
0	0	-1.67386	
0	0	-1.69437	
0	0	-1.71527	
0	0	-1.73656	
0	0	-1.75823	
0	0	-1.78025	
0	0	-1.80253	
0	0	-1.82541	
0	0	-1.84872	
0	0	-1.87246	
0	0	-1.89664	
0	0	-1.92126	
0	0	-1.94634	
0	0	-1.97193	
0	0	-1.99808	
0	0	-2.02458	
0	0	-2.05131	
0	0	-2.07878	
0	0	-2.10677	
0	0	-2.13528	
0	0	-2.16433	
0	0	-2.19391	
0	0	-147	
0	0	-147	
0	0	-147	
0	0	-147	
0	0	-147	
0	0	-147	
0	0	-147	
0	0	-147	
0	0	-147	
0	0	-147	
0	0	-147	
0	0	-147	
0	0	-147	
0	0	-147	
0	0	-147	
0	0	-147	
0	0	-147	
0	0	-147	
0	0	-147	
0	0	-147	
0	0	-147	
0	0	-147	
0	0	-147	
0	0	-147	
0	0	-147	
0	0	-147	
0	0	-147	
0	0	-147	
0	0	-147	
0	0	-147	
0	0	-147	
0	0	-147	
0	0	-147	
0	0	-147	
0	0	-147	
0	0	-147	
0	0	-147	
0	0	-147	
0	0	-147	
0	0	-147	
0	0	-147	
0	0	-147	
0	0	-147	
0	0	-147	
0	0	-147	
0	0	-147	
0	0	-147	
0	0	-147	
0	0	-147	
0	0	-147	
0	0	-147	
0	0	-147	
0	0	-147	
0	0	-147	
0	0	-147	
0	0	-147	
0	0	-147	
0	0	-147	
0	0	-147	
0	0	-147	
0	0	-147	
0	0	-147	
0	0	-147	
0	0	-147	
0	0	-147	
0	0	-147	
0	0	-147	
0	0	-147	
0	0	-147	
0	0	-147	
0	0	-147	
0	0	-147	
0	0	-147	
0	0	-147	
0	0	-147	
0	0	-147	
0	0	-147	
0	0	-147	
0	0	-147	
0	0	-147	
0	0	-147	
0	0	-147	
0	0	-147	
0	0	-147	
0	0	-147	
0	0	-147	
0	0	-147	
0	0	-147	
0	0	-147	
0	0	-147	
0	0	-147	
0	0	-147	
0	0	-147	
0	0	-147	
0	0	-147	
0	0	-147	
0	0	-147	
0	0	-147	
0	0	-147	
0	0	-147	
0	0	-147	
0	0	-147	
0	0	-147	
0	0	-147	
0	0	-147	
0	0	-147	
0	0	-147	
0	0	-147	
0	0	-147	
0	0	-147	
0	0	-147	
0	0	-147	
0	0	-147	
0	0	-147	
0	0	-147	
0	0	-147	
0	0	-147	
0	0	-147	
0	0	-147	
0	0	-147	
0	0	-147	
0	0	-147	
0	0	-147	
0	0	-147	
0	0	-147	
0	0	-147	
0	0	-147	
0	0	-147	
0	0	-147	
0	0	-147	
0	0	-147	
0	0	-147	
0	0	-147	
0	0	-147	
0	0	-147	
0	0	-147	
0	0	-147	
0	0	-147	
0	0	-147	
0	0	-147	
0	0	-147	
0	0	-147	
0	0	-147	
0	0	-147	
0	0	-147	
0	0	-147	
0	0	-147	
0	0	-147	
0	0	-147	
0	0	-147	
0	0	-147	
0	0	-147	
0	0	-147	
0	0	-147	
0	0	-147	
0	0	-147	
0	0	-147	
0	0	-147	
0	0	-147	
0	0	-147	
0	0	-147	
0	0	-147	
0	0	-147	
0	0	-147	
0	0	-147	
0	0	-147	
0	0	-147	
0	0	-147	
0	0	-147	
0	0	-147	
0	0	-147	
0	0	-147	
0	0	-147	
0	0	-147	
0	0	-147	
0	0	-147	
0	0	-147	
0	0	-147	
0	0	-147	
0	0	-147	
0	0	-147	
0	0	-147	
0	0	-147	
0	0	-147	
0	0	-147	
0	0	-147	
0	0	-147	
0	0	-147	
0	0	-147	
0	0	-147	
0	0	-147	
0	0	-147	
0	0	-147	
0	0	-147	
0	0	-147	
0	0	-147	
0	0	-147	
0	0	-147	
0	0	-147	
0	0	-147	
0	0	-147	
0	0	-147	
0	0	-147	
0	0	-147	
0	0	-147	
0	0	-147	
0	0	-147	
0	0	-147	
0	0	-147	
0	0	-147	
0	0	-147	
0	0	-147	
0	0	-147	
0	0	-147	
0	0	-147	
0	0	-147	
0	0	-147	
0	0	-1.169	
0	0	-1.1641	
0	0	-1.15908	
0	0	-1.15435	
0	0	-1.14977	
0	0	-1.14535	
0	0	-1.14107	
0	0	-1.13695	
0	0	-1.13297	
0	0	-1.12913	
0	0	-1.12545	
0	0	-1.12191	
0	0	-1.11852	
0	0	-1.11528	
0	0	-1.11219	
0	0	-1.10924	
0	0	-1.10645	
0	0	-1.1038	
0	0	-1.10131	
0	0	-1.09896	
0	0	-1.09675	
0	0	-1.09468	
0	0	-1.09279	
0	0	-1.09106	
0	0	-1.0895	
0	0	-1.0881	
0	0	-1.08687	
0	0	-1.08582	
0	0	-1.08484	
0	0	-1.08402	
0	0	-1.08335	
0	0	-147	
0	0	-147	
0	0	-147	
0	0	-147	
0	0	-147	
0	0	-147	
0	0	-147	
0	0	-147	
0	0	-147	
0	0	-147	
0	0	-147	
0	0	-147	
0	0	-147	
0	0	-147	
0	0	-147	
0	0	-147	
0	0	-147	
0	0	-147	
0	0	-147	
0	0	-147	
0	0	-147	
0	0	-147	
0	0	-147	
0	0	-147	
0	0	-147	
0	0	-147	
0	0	-147	
0	0	-147	
0	0	-147	
0	0	-147	
0	0	-147	
0	0	-147	
0	0	-147	
0	0	-147	
0	0	-147	
0	0	-147	
0	0	-147	
0	0	-147	
0	0	-147	
0	0	-147	
0	0	-147	
0	0	-147	
0	0	-147	
0	0	-147	
0	0	-147	
0	0	-147	
0	0	-147	
0	0	-147	
0	0	-147	
0	0	-147	
0	0	-147	
0	0	-147	
0	0	-147	
0	0	-147	
0	0	-147	
0	0	-147	
0	0	-147	
0	0	-147	
0	0	-147	
0	0	-147	
0	0	-147	
0	0	-147	
0	0	-147	
0	0	-147	
0	0	-147	
0	0	-147	
0	0	-147	
0	0	-147	
0	0	-147	
0	0	-147	
0	0	-147	
0	0	-147	
0	0	-147	
0	0	-147	
0	0	-147	
0	0	-147	
0	0	-147	
0	0	-147	
0	0	-147	
0	0	-147	
0	0	-147	
0	0	-147	
0	0	-147	
0	0	-147	
0	0	-147	
0	0	-147	
0	0	-147	
0	0	-147	
0	0	-147	
0	0	-147	
0	0	-147	
0	0	-147	
0	0	-147	
0	0	-147	
0	0	-147	
0	0	-147	
0	0	-147	
0	0	-147	
0	0	-147	
0	0	-147	
0	0	-147	
0	0	-147	
0	0	-147	
0	0	-147	
0	0	-147	
0	0	-147	
0	0	-147	
0	0	-147	
0	0	-147	
0	0	-147	
0	0	-147	
0	0	-147	
0	0	-147	
0	0	-147	
0	0	-147	
0	0	-147	
0	0	-147	
0	0	-147	
0	0	-147	
0	0	-147	
0	0	-147	
0	0	-147	
0	0	-147	
0	0	-147	
0	0	-1.24282	
0	0	-1.23316	
0	0	-1.22352	
0	0	-1.21387	
0	0	-1.2042	
0	0	-1.1945	
0	0	-1.18476	
0	0	-1.17495	
0	0	-1.16509	
0	0	-1.15514	
0	0	-1.14511	
0	0	-1.13499	
0	0	-1.12476	
0	0	-1.11459	
0	0	-1.1047	
0	0	-1.09473	
0	0	-1.08464	
0	0	-1.07447	
0	0	-1.06422	
0	0	-1.05391	
0	0	-1.04355	
0	0	-1.03313	
0	0	-1.02268	
0	0	-1.01222	
0	0	-1.00175	
0	0	-0.991282	
0	0	-0.980849	
0	0	-0.970402	
0	0	-0.959984	
0	0	-0.94961	
0	0	-0.939287	
0	0	-147	
0	0	-147	
0	0	-147	
0	0	-147	
0	0	-147	
0	0	-147	
0	0	-147	
0	0	-147	
0	0	-147	
0	0	-147	
0	0	-147	
0	0	-147	
0	0	-147	
0	0	-147	
0	0	-147	
0	0	-147	
0	0	-147	
0	0	-147	
0	0	-147	
0	0	-147	
0	0	-147	
0	0	-147	
0	0	-147	
0	0	-147	
0	0	-147	
0	0	-147	
0	0	-147	
0	0	-147	
0	0	-147	
0	0	-147	
0	0	-147	
0	0	-147	
0	0	-147	
0	0	-147	
0	0	-147	
0	0	-147	
0	0	-147	
0	0	-147	
0	0	-147	
0	0	-147	
0	0	-147	
0	0	-147	
0	0	-147	
0	0	-147	
0	0	-147	
0	0	-147	
0	0	-147	
0	0	-147	
0	0	-147	
0	0	-147	
0	0	-147	
0	0	-147	
0	0	-147	
0	0	-147	
0	0	-147	
0	0	-147	
0	0	-147	
0	0	-147	
0	0	-147	
0	0	-147	
0	0	-147	
0	0	-147	
0	0	-147	
0	0	-147	
0	0	-147	
0	0	-147	
0	0	-147	
0	0	-147	
0	0	-147	
0	0	-147	
0	0	-147	
0	0	-147	
0	0	-147	
0	0	-147	
0	0	-147	
0	0	-147	
0	0	-147	
0	0	-147	
0	0	-147	
0	0	-147	
0	0	-147	
0	0	-147	
0	0	-147	
0	0	-147	
0	0	-147	
0	0	-147	
0	0	-147	
0	0	-147	
0	0	-147	
0	0	-147	
0	0	-147	
0	0	-147	
0	0	-147	
0	0	-147	
0	0	-147	
0	0	-147	
0	0	-147	
0	0	-147	
0	0	-147	
0	0	-147	
0	0	-147	
0	0	-147	
0	0	-147	
0	0	-147	
0	0	-147	
0	0	-147	
0	0	-147	
0	0	-147	
0	0	-147	
0	0	-147	
0	0	-147	
0	0	-147	
0	0	-147	
0	0	-147	
0	0	-147	
0	0	-147	
0	0	-147	
0	0	-147	
0	0	-147	
0	0	-147	
0	0	-147	
0	0	-147	
0	0	-147	
0	0	-147	
0	0	-147	
0	0	-147	
0	0	-147	
0	0	-147	
0	0	-147	
0	0	-147	
0	0	-147	
0	0	-147	
0	0	-147	
0	0	-147	
0	0	-147	
0	0	-147	
0	0	-147	
0	0	-147	
0	0	-147	
0	0	-147	
0	0	-147	
0	0	-147	
0	0	-147	
0	0	-147	
0	0	-147	
0	0	-147	
0	0	-147	
0	0	-147	
0	0	-147	
0	0	-147	
0	0	-147	
0	0	-147	
0	0	-147	
0	0	-147	
0	0	-147	
0	0	-147	
0	0	-147	
0	0	-147	
0	0	-147	
0	0	-147	
0	0	-147	
0	0	-147	
0	0	-147	
0	0	-147	
0	0	-147	
0	0	-147	
0	0	-147	
0	0	-147	
0	0	-147	
0	0	-147	
0	0	-147	
0	0	-147	
0	0	-147	
0	0	-147	
0	0	-147	
0	0	-147	
0	0	-147	
0	0	-147	
0	0	-147	
0	0	-147	
0	0	-147	
0	0	-147	
0	0	-147	
0	0	-147	
0	0	-147	
0	0	-147	
0	0	-147	
0	0	-147	
0	0	-147	
0	0	-147	
0	0	-147	
0	0	-147	
0	0	-147	
0	0	-147	
0	0	-147	
0	0	-147	
0	0	-147	
0	0	-147	
0	0	-147	
0	0	-147	
0	0	-147	
0	0	-147	
0	0	-147	
0	0	-147	
0	0	-147	
0	0	-147	
0	0	-147	
0	0	-147	
0	0	-147	
0	0	-147	
0	0	-147	
0	0	-147	
0	0	-147	
0	0	-147	
0	0	-147	
0	0	-147	
0	0	-147	
0	0	-147	
0	0	-147	
0	0	-147	
0	0	-147	
0	0	-147	
0	0	-147	
0	0	-147	
0	0	-147	
0	0	-147	
0	0	-147	
0	0	-147	
0	0	-147	
0	0	-147	
0	0	-147	
0	0	-147	
0	0	-147	
0	0	-147	
0	0	-147	
0	0	-147	
0	0	-147	
0	0	-147	
0	0	-147	
0	0	-147	
0	0	-147	
0	0	-147	
0	0	-147	
0	0	-147	
0	0	-147	
0	0	-147	
0	0	-147	
0	0	-147	
0	0	-147	
0	0	-147	
0	0	-147	
0	0	-147	
0	0	-147	
0	0	-147	
0	0	-147	
0	0	-147	
0	0	-147	
0	0	-147	
0	0	-147	
0	0	-147	
0	0	-147	
0	0	-147	
0	0	-147	
0	0	-147	
0	0	-147	
0	0	-147	
0	0	-147	
0	0	-147	
0	0	-147	
0	0	-147	
0	0	-147	
0	0	-147	
0	0	-147	
0	0	-147	
0	0	-147	
0	0	-147	
0	0	-147	
0	0	-147	
0	0	-147	
0	0	-147	
0	0	-147	
0	0	-147	
0	0	-147	
0	0	-147	
0	0	-147	
0	0	-147	
0	0	-147	
0	0	-147	
0	0	-147	
0	0	-147	
0	0	-147	
0	0	-147	
0	0	-147	
0	0	-147	
0	0	-147	
0	0	-147	
0	0	-147	
0	0	-147	
0	0	-147	
0	0	-147	
0	0	-147	
0	0	-147	
0	0	-147	
0	0	-147	
0	0	-147	
0	0	-147	
0	0	-147	
0	0	-147	
0	0	-147	
0	0	-147	
0	0	-147	
0	0	-147	
0	0	-147	
0	0	-147	
0	0	-147	
0	0	-147	
0	0	-147	
0	0	-147	
0	0	-147	
0	0	-147	
0	0	-147	
0	0	-147	
0	0	-147	
0	0	-147	
0	0	-147	
0	0	-147	
0	0	-147	
0	0	-147	
0	0	-147	
0	0	-147	
0	0	-147	
0	0	-147	
0	0	-147	
0	0	-147	
0	0	-147	
0	0	-147	
0	0	-147	
0	0	-147	
0	0	-147	
0	0	-147	
0	0	-147	
0	0	-147	
0	0	-147	
0	0	-147	
0	0	-147	
0	0	-147	
0	0	-147	
0	0	-147	
0	0	-147	
0	0	-147	
0	0	-147	
0	0	-147	
0	0	-147	
0	0	-147	
0	0	-147	
0	0	-147	
0	0	-147	
0	0	-147	
0	0	-147	
0	0	-147	
0	0	-147	
0	0	-147	
0	0	-147	
0	0	-147	
0	0	-147	
0	0	-147	
0	0	-147	
0	0	-147	
0	0	-147	
0	0	-147	
0	0	-147	
0	0	-147	
0	0	-147	
0	0	-147	
0	0	-147	
0	0	-147	
0	0	-147	
0	0	-147	
0	0	-147	
0	0	-147	
0	0	-147	
0	0	-147	
0	0	-147	
0	0	-147	
0	0	-147	
0	0	-147	
0	0	-147	
0	0	-147	
0	0	-147	
0	0	-147	
0	0	-147	
0	0	-147	
0	0	-147	
0	0	-147	
0	0	-147	
0	0	-147	
0	0	-147	
0	0	-147	
0	0	-147	
0	0	-147	
0	0	-147	
0	0	-147	
0	0	-147	
0	0	-147	
0	0	-147	
0	0	-147	
0	0	-147	
0	0	-147	
0	0	-147	
0	0	-147	
0	0	-147	
0	0	-147	
0	0	-147	
0	0	-147	
0	0	-147	
0	0	-147	
0	0	-147	
0	0	-147	
0	0	-147	
0	0	-147	
0	0	-147	
0	0	-147	
0	0	-147	
0	0	-147	
0	0	-147	
0	0	-147	
0	0	-147	
0	0	-147	
0	0	-147	
0	0	-147	
0	0	-147	
0	0	-147	
0	0	-147	
0	0	-147	
0	0	-147	
0	0	-147	
0	0	-147	
0	0	-147	
0	0	-147	
0	0	-147	
0	0	-147	
0	0	-147	
0	0	-147	
0	0	-147	
0	0	-147	
0	0	-147	
0	0	-147	
0	0	-147	
0	0	-147	
0	0	-147	
0	0	-147	
0	0	-147	
0	0	-147	
0	0	-147	
0	0	-147	
0	0	-147	
0	0	-147	
0	0	-147	
0	0	-147	
0	0	-147	
0	0	-147	
0	0	-147	
0	0	-147	
0	0	-147	
0	0	-147	
0	0	-147	
0	0	-147	
0	0	-147	
0	0	-147	
0	0	-147	
0	0	-147	
0	0	-147	
0	0	-147	
0	0	-147	
0	0	-147	
0	0	-147	
0	0	-147	
0	0	-147	
0	0	-147	
0	0	-147	
0	0	-147	
0	0	-147	
0	0	-147	
0	0	-147	
0	0	-147	
0	0	-147	
0	0	-147	
0	0	-147	
0	0	-147	
0	0	-147	
0	0	-147	
0	0	-147	
0	0	-147	
0	0	-147	
0	0	-147	
0	0	-147	
0	0	-147	
0	0	-147	
0	0	-147	
0	0	-147	
0	0	-147	
0	0	-147	
0	0	-147	
0	0	-147	
0	0	-147	
0	0	-147	
0	0	-147	
0	0	-147	
0	0	-147	
0	0	-147	
0	0	-147	
0	0	-147	
0	0	-147	
0	0	-147	
0	0	-147	
0	0	-147	
0	0	-147	
0	0	-147	
0	0	-147	
0	0	-147	
0	0	-147	
0	0	-147	
0	0	-147	
0	0	-147	
0	0	-147	
0	0	-147	
0	0	-147	
0	0	-147	
0	0	-147	
0	0	-147	
0	0	-147	
0	0	-147	
0	0	-147	
0	0	-147	
0	0	-147	
0	0	-147	
0	0	-147	
0	0	-147	
0	0	-147	
0	0	-147	
0	0	-147	
0	0	-147	
0	0	-147	
0	0	-147	
0	0	-147	
0	0	-147	
0	0	-147	
0	0	-147	
0	0	-147	
0	0	-147	
0	0	-147	
0	0	-147	
0	0	-147	
0	0	-147	
0	0	-147	
0	0	-147	
0	0	-147	
0	0	-147	
0	0	-147	
0	0	-147	
0	0	-147	
0	0	-147	
0	0	-147	
0	0	-147	
0	0	-147	
0	0	-147	
0	0	-147	
0	0	-147	
0	0	-147	
0	0	-147	
0	0	-147	
0	0	-147	
0	0	-147	
0	0	-147	
0	0	-147	
0	0	-147	
0	0	-147	
0	0	-147	
0	0	-147	
0	0	-147	
0	0	-147	
0	0	-147	
0	0	-147	
0	0	-147	
0	0	-147	
0	0	-147	
0	0	-147	
0	0	-147	
0	0	-147	
0	0	-7.33238	
0	0	-7.33267	
0	0	-7.33268	
0	0	-7.33228	
0	0	-7.33246	
0	0	-7.33261	
0	0	-7.33264	
0	0	-7.33267	
0	0	-7.33288	
0	0	-7.33283	
0	0	-7.3332	
0	0	-7.334	
0	0	-7.33508	
0	0	-7.33654	
0	0	-7.33726	
0	0	-7.33849	
0	0	-7.34052	
0	0	-7.34258	
0	0	-7.34588	
0	0	-7.34905	
0	0	-7.34744	
0	0	-7.34361	
0	0	-7.33939	
0	0	-7.33475	
0	0	-7.32965	
0	0	-7.32409	
0	0	-7.31834	
0	0	-7.31217	
0	0	-7.30537	
0	0	-7.29801	
0	0	-7.29007	
0	0	-0.800968	
0	0	-0.797525	
0	0	-0.794195	
0	0	-0.790969	
0	0	-0.787926	
0	0	-0.784967	
0	0	-0.782126	
0	0	-0.779414	
0	0	-0.776856	
0	0	-0.774368	
0	0	-0.771991	
0	0	-0.769726	
0	0	-0.767573	
0	0	-0.765531	
0	0	-0.763598	
0	0	-0.761775	
0	0	-0.760056	
0	0	-0.758433	
0	0	-0.756898	
0	0	-0.755409	
0	0	-0.754119	
0	0	-0.75295	
0	0	-0.751891	
0	0	-0.750938	
0	0	-0.750088	
0	0	-0.749341	
0	0	-0.748694	
0	0	-0.748147	
0	0	-0.7477	
0	0	-0.74735	
0	0	-0.747096	
0	0	-3.39753	
0	0	-3.39832	
0	0	-3.39909	
0	0	-3.39988	
0	0	-3.40069	
0	0	-3.40153	
0	0	-3.40229	
0	0	-3.40299	
0	0	-3.40377	
0	0	-3.4046	
0	0	-3.40546	
0	0	-3.4064	
0	0	-3.40725	
0	0	-3.4081	
0	0	-3.40896	
0	0	-3.40989	
0	0	-3.41085	
0	0	-3.41175	
0	0	-3.41262	
0	0	-3.41375	
0	0	-3.41496	
0	0	-147	
0	0	-147	
0	0	-147	
0	0	-147	
0	0	-147	
0	0	-147	
0	0	-147	
0	0	-147	
0	0	-147	
0	0	-147	
0	0	-147	
0	0	-147	
0	0	-147	
0	0	-147	
0	0	-147	
0	0	-147	
0	0	-147	
0	0	-147	
0	0	-147	
0	0	-147	
0	0	-147	
0	0	-147	
0	0	-147	
0	0	-147	
0	0	-147	
0	0	-147	
0	0	-147	
0	0	-147	
0	0	-147	
0	0	-147	
0	0	-147	
0	0	-147	
0	0	-147	
0	0	-147	
0	0	-147	
0	0	-147	
0	0	-147	
0	0	-147	
0	0	-147	
0	0	-147	
0	0	-147	
0	0	-147	
0	0	-147	
0	0	-147	
0	0	-147	
0	0	-147	
0	0	-147	
0	0	-147	
0	0	-147	
0	0	-147	
0	0	-147	
0	0	-147	
0	0	-147	
0	0	-147	
0	0	-147	
0	0	-147	
0	0	-147	
0	0	-147	
0	0	-147	
0	0	-147	
0	0	-147	
0	0	-147	
0	0	-147	
0	0	-147	
0	0	-147	
0	0	-147	
0	0	-147	
0	0	-147	
0	0	-147	
0	0	-147	
0	0	-147	
0	0	-147	
0	0	-147	
0	0	-147	
0	0	-147	
0	0	-147	
0	0	-147	
0	0	-147	
0	0	-147	
0	0	-147	
0	0	-147	
0	0	-147	
0	0	-147	
0	0	-147	
0	0	-147	
0	0	-147	
0	0	-147	
0	0	-147	
0	0	-147	
0	0	-147	
0	0	-147	
0	0	-147	
0	0	-147	
0	0	-147	
0	0	-147	
0	0	-147	
0	0	-147	
0	0	-147	
0	0	-147	
0	0	-147	
0	0	-147	
0	0	-147	
0	0	-147	
0	0	-147	
0	0	-147	
0	0	-147	
0	0	-147	
0	0	-147	
0	0	-147	
0	0	-147	
0	0	-147	
0	0	-147	
0	0	-147	
0	0	-147	
0	0	-147	
0	0	-147	
0	0	-147	
0	0	-147	
0	0	-147	
0	0	-147	
0	0	-147	
0	0	-147	
0	0	-147	
0	0	-147	
0	0	-147	
0	0	-147	
0	0	-147	
0	0	-147	
0	0	-147	
0	0	-147	
0	0	-147	
0	0	-147	
0	0	-147	
0	0	-147	
0	0	-147	
0	0	-147	
0	0	-147	
0	0	-147	
0	0	-147	
0	0	-147	
0	0	-147	
0	0	-147	
0	0	-147	
0	0	-147	
0	0	-147	
0	0	-147	
0	0	-147	
0	0	-147	
0	0	-147	
0	0	-147	
0	0	-147	
0	0	-147	
0	0	-147	
0	0	-147	
0	0	-147	
0	0	-147	
0	0	-147	
0	0	-147	
0	0	-147	
0	0	-147	
0	0	-147	
0	0	-147	
0	0	-147	
0	0	-147	
0	0	-147	
0	0	-147	
0	0	-147	
0	0	-147	
0	0	-147	
0	0	-147	
0	0	-147	
0	0	-147	
0	0	-147	
0	0	-147	
0	0	-147	
0	0	-147	
0	0	-147	
0	0	-147	
0	0	-147	
0	0	-147	
0	0	-147	
0	0	-147	
0	0	-147	
0	0	-147	
0	0	-147	
0	0	-147	
0	0	-147	
0	0	-147	
0	0	-147	
0	0	-147	
0	0	-147	
0	0	-147	
0	0	-147	
0	0	-147	
0	0	-147	
0	0	-147	
0	0	-6.88084	
0	0	-6.85523	
0	0	-6.82859	
0	0	-6.80098	
0	0	-6.7724	
0	0	-6.74286	
0	0	-6.71239	
0	0	-6.68108	
0	0	-6.649	
0	0	-6.61629	
0	0	-6.58202	
0	0	-6.54646	
0	0	-6.51174	
0	0	-6.47419	
0	0	-6.43546	
0	0	-6.39643	
0	0	-6.35773	
0	0	-6.31705	
0	0	-6.27552	
0	0	-6.23317	
0	0	-6.19003	
0	0	-6.14612	
0	0	-6.10144	
0	0	-6.05598	
0	0	-6.00976	
0	0	-5.96262	
0	0	-5.91489	
0	0	-5.86683	
0	0	-5.81809	
0	0	-5.76874	
0	0	-5.71882	
0	0	-0.978666	
0	0	-0.979746	
0	0	-0.980949	
0	0	-0.982274	
0	0	-0.983739	
0	0	-0.985385	
0	0	-0.987099	
0	0	-0.98894	
0	0	-0.990911	
0	0	-0.993012	
0	0	-0.995243	
0	0	-0.997604	
0	0	-1.0001	
0	0	-1.00272	
0	0	-1.00548	
0	0	-1.00838	
0	0	-1.0114	
0	0	-1.01458	
0	0	-1.01787	
0	0	-1.0213	
0	0	-1.02487	
0	0	-1.02858	
0	0	-1.03243	
0	0	-1.03642	
0	0	-1.04056	
0	0	-1.04484	
0	0	-1.04927	
0	0	-1.05384	
0	0	-1.05856	
0	0	-1.06342	
0	0	-1.06861	
0	0	-147	
0	0	-147	
0	0	-147	
0	0	-147	
0	0	-147	
0	0	-147	
0	0	-147	
0	0	-147	
0	0	-147	
0	0	-147	
0	0	-147	
0	0	-147	
0	0	-147	
0	0	-147	
0	0	-147	
0	0	-147	
0	0	-147	
0	0	-147	
0	0	-147	
0	0	-147	
0	0	-147	
0	0	-147	
0	0	-147	
0	0	-147	
0	0	-147	
0	0	-147	
0	0	-147	
0	0	-147	
0	0	-147	
0	0	-147	
0	0	-147	
0	0	-147	
0	0	-147	
0	0	-147	
0	0	-147	
0	0	-147	
0	0	-147	
0	0	-147	
0	0	-147	
0	0	-147	
0	0	-147	
0	0	-147	
0	0	-147	
0	0	-147	
0	0	-147	
0	0	-147	
0	0	-147	
0	0	-147	
0	0	-147	
0	0	-147	
0	0	-147	
0	0	-147	
0	0	-147	
0	0	-147	
0	0	-147	
0	0	-147	
0	0	-147	
0	0	-147	
0	0	-147	
0	0	-147	
0	0	-147	
0	0	-147	
0	0	-147	
0	0	-147	
0	0	-147	
0	0	-147	
0	0	-147	
0	0	-147	
0	0	-147	
0	0	-147	
0	0	-147	
0	0	-147	
0	0	-147	
0	0	-147	
0	0	-147	
0	0	-147	
0	0	-147	
0	0	-147	
0	0	-147	
0	0	-147	
0	0	-147	
0	0	-147	
0	0	-147	
0	0	-147	
0	0	-147	
0	0	-147	
0	0	-147	
0	0	-147	
0	0	-147	
0	0	-147	
0	0	-147	
0	0	-147	
0	0	-147	
0	0	-147	
0	0	-147	
0	0	-147	
0	0	-147	
0	0	-147	
0	0	-147	
0	0	-147	
0	0	-147	
0	0	-147	
0	0	-147	
0	0	-147	
0	0	-147	
0	0	-147	
0	0	-147	
0	0	-147	
0	0	-147	
0	0	-147	
0	0	-147	
0	0	-147	
0	0	-147	
0	0	-147	
0	0	-147	
0	0	-147	
0	0	-147	
0	0	-147	
0	0	-147	
0	0	-147	
0	0	-147	
0	0	-147	
0	0	-147	
0	0	-147	
0	0	-147	
0	0	-147	
0	0	-147	
0	0	-147	
0	0	-147	
0	0	-147	
0	0	-147	
0	0	-147	
0	0	-147	
0	0	-147	
0	0	-147	
0	0	-147	
0	0	-147	
0	0	-147	
0	0	-147	
0	0	-147	
0	0	-147	
0	0	-147	
0	0	-147	
0	0	-147	
0	0	-147	
0	0	-147	
0	0	-147	
0	0	-147	
0	0	-147	
0	0	-147	
0	0	-147	
0	0	-147	
0	0	-147	
0	0	-147	
0	0	-147	
0	0	-147	
0	0	-147	
0	0	-147	
0	0	-147	
0	0	-147	
0	0	-147	
0	0	-147	
0	0	-147	
0	0	-147	
0	0	-147	
0	0	-147	
0	0	-147	
0	0	-147	
0	0	-147	
0	0	-147	
0	0	-147	
0	0	-147	
0	0	-147	
0	0	-147	
0	0	-147	
0	0	-147	
0	0	-147	
0	0	-147	
0	0	-147	
0	0	-147	
0	0	-147	
0	0	-147	
0	0	-147	
0	0	-147	
0	0	-147	
0	0	-147	
0	0	-147	
0	0	-147	
0	0	-147	
0	0	-147	
0	0	-147	
0	0	-147	
0	0	-147	
0	0	-147	
0	0	-147	
0	0	-147	
0	0	-147	
0	0	-147	
0	0	-147	
0	0	-147	
0	0	-147	
0	0	-147	
0	0	-147	
0	0	-147	
0	0	-147	
0	0	-147	
0	0	-147	
0	0	-147	
0	0	-147	
0	0	-147	
0	0	-147	
0	0	-147	
0	0	-147	
0	0	-147	
0	0	-147	
0	0	-147	
0	0	-147	
0	0	-147	
0	0	-147	
0	0	-147	
0	0	-147	
0	0	-147	
0	0	-147	
0	0	-147	
0	0	-147	
0	0	-147	
0	0	-147	
0	0	-147	
0	0	-147	
0	0	-147	
0	0	-147	
0	0	-147	
0	0	-147	
0	0	-147	
0	0	-147	
0	0	-147	
0	0	-147	
0	0	-147	
0	0	-147	
0	0	-147	
0	0	-147	
0	0	-147	
0	0	-147	
0	0	-147	
0	0	-147	
0	0	-147	
0	0	-147	
0	0	-147	
0	0	-147	
0	0	-147	
0	0	-147	
0	0	-147	
0	0	-147	
0	0	-147	
0	0	-147	
0	0	-147	
0	0	-147	
0	0	-147	
0	0	-147	
0	0	-147	
0	0	-147	
0	0	-147	
0	0	-147	
0	0	-147	
0	0	-147	
0	0	-147	
0	0	-147	
0	0	-147	
0	0	-147	
0	0	-147	
0	0	-147	
0	0	-147	
0	0	-147	
0	0	-147	
0	0	-147	
0	0	-147	
0	0	-147	
0	0	-147	
0	0	-147	
0	0	-147	
0	0	-147	
0	0	-147	
0	0	-147	
0	0	-147	
0	0	-147	
0	0	-147	
0	0	-147	
0	0	-147	
0	0	-147	
0	0	-147	
0	0	-147	
0	0	-147	
0	0	-147	
0	0	-147	
0	0	-147	
0	0	-147	
0	0	-147	
0	0	-147	
0	0	-147	
0	0	-147	
0	0	-147	
0	0	-147	
0	0	-147	
0	0	-147	
0	0	-147	
0	0	-147	
0	0	-147	
0	0	-147	
0	0	-147	
0	0	-147	
0	0	-147	
0	0	-147	
0	0	-147	
0	0	-147	
0	0	-147	
0	0	-147	
0	0	-147	
0	0	-147	
0	0	-147	
0	0	-147	
0	0	-147	
0	0	-147	
0	0	-147	
0	0	-147	
0	0	-147	
0	0	-147	
0	0	-147	
0	0	-147	
0	0	-147	
0	0	-147	
0	0	-147	
0	0	-147	
0	0	-147	
0	0	-147	
0	0	-147	
0	0	-147	
0	0	-147	
0	0	-147	
0	0	-147	
0	0	-147	
0	0	-147	
0	0	-147	
0	0	-147	
0	0	-147	
0	0	-147	
0	0	-147	
0	0	-147	
0	0	-147	
0	0	-147	
0	0	-147	
0	0	-147	
0	0	-147	
0	0	-147	
0	0	-147	
0	0	-147	
0	0	-147	
0	0	-147	
0	0	-147	
0	0	-147	
0	0	-147	
0	0	-147	
0	0	-147	
0	0	-147	
0	0	-147	
0	0	-147	
0	0	-147	
0	0	-147	
0	0	-147	
0	0	-147	
0	0	-147	
0	0	-147	
0	0	-147	
0	0	-147	
0	0	-147	
0	0	-147	
0	0	-147	
0	0	-147	
0	0	-147	
0	0	-147	
0	0	-147	
0	0	-147	
0	0	-147	
0	0	-147	
0	0	-147	
0	0	-147	
0	0	-147	
0	0	-147	
0	0	-147	
0	0	-147	
0	0	-147	
0	0	-147	
0	0	-147	
0	0	-147	
0	0	-147	
0	0	-147	
0	0	-147	
0	0	-147	
0	0	-147	
0	0	-147	
0	0	-147	
0	0	-147	
0	0	-147	
0	0	-147	
0	0	-147	
0	0	-147	
0	0	-147	
0	0	-147	
0	0	-147	
0	0	-147	
0	0	-147	
0	0	-147	
0	0	-147	
0	0	-147	
0	0	-147	
0	0	-147	
0	0	-147	
0	0	-147	
0	0	-147	
0	0	-147	
0	0	-147	
0	0	-147	
0	0	-147	
0	0	-147	
0	0	-147	
0	0	-147	
0	0	-147	
0	0	-147	
0	0	-147	
0	0	-147	
0	0	-147	
0	0	-147	
0	0	-147	
0	0	-147	
0	0	-147	
0	0	-147	
0	0	-147	
0	0	-147	
0	0	-147	
0	0	-147	
0	0	-147	
0	0	-147	
0	0	-147	
0	0	-147	
0	0	-147	
0	0	-147	
0	0	-147	
0	0	-147	
0	0	-147	
0	0	-147	
0	0	-147	
0	0	-147	
0	0	-147	
0	0	-147	
0	0	-147	
0	0	-147	
0	0	-147	
0	0	-147	
0	0	-147	
0	0	-147	
0	0	-147	
0	0	-147	
0	0	-147	
0	0	-147	
0	0	-147	
0	0	-147	
0	0	-147	
0	0	-147	
0	0	-147	
0	0	-147	
0	0	-147	
0	0	-147	
0	0	-147	
0	0	-147	
0	0	-147	
0	0	-147	
0	0	-147	
0	0	-147	
0	0	-147	
0	0	-147	
0	0	-147	
0	0	-147	
0	0	-147	
0	0	-147	
0	0	-147	
0	0	-147	
0	0	-147	
0	0	-147	
0	0	-147	
0	0	-147	
0	0	-147	
0	0	-147	
0	0	-147	
0	0	-147	
0	0	-147	
0	0	-147	
0	0	-147	
0	0	-147	
0	0	-147	
0	0	-147	
0	0	-147	
0	0	-147	
0	0	-147	
0	0	-147	
0	0	-147	
0	0	-147	
0	0	-147	
0	0	-147	
0	0	-147	
0	0	-147	
0	0	-147	
0	0	-147	
0	0	-147	
0	0	-147	
0	0	-147	
0	0	-147	
0	0	-147	
0	0	-147	
0	0	-147	
0	0	-147	
0	0	-147	
0	0	-147	
0	0	-147	
0	0	-147	
0	0	-147	
0	0	-147	
0	0	-147	
0	0	-147	
0	0	-147	
0	0	-147	
0	0	-147	
0	0	-147	
0	0	-147	
0	0	-147	
0	0	-147	
0	0	-147	
0	0	-147	
0	0	-147	
0	0	-147	
0	0	-147	
0	0	-147	
0	0	-147	
0	0	-147	
0	0	-147	
0	0	-147	
0	0	-147	
0	0	-147	
0	0	-147	
0	0	-147	
0	0	-147	
0	0	-147	
0	0	-147	
0	0	-147	
0	0	-147	
0	0	-147	
0	0	-147	
0	0	-147	
0	0	-147	
0	0	-147	
0	0	-147	
0	0	-147	
0	0	-147	
0	0	-147	
0	0	-147	
0	0	-147	
0	0	-147	
0	0	-147	
0	0	-147	
0	0	-147	
0	0	-147	
0	0	-147	
0	0	-147	
0	0	-147	
0	0	-147	
0	0	-147	
0	0	-147	
0	0	-147	
0	0	-147	
0	0	-147	
0	0	-147	
0	0	-147	
0	0	-147	
0	0	-147	
0	0	-147	
0	0	-147	
0	0	-147	
0	0	-147	
0	0	-147	
0	0	-147	
0	0	-147	
0	0	-147	
0	0	-147	
0	0	-147	
0	0	-147	
0	0	-147	
0	0	-147	
0	0	-147	
0	0	-147	
0	0	-147	
0	0	-147	
0	0	-147	
0	0	-147	
0	0	-147	
0	0	-147	
0	0	-147	
0	0	-147	
0	0	-147	
0	0	-147	
0	0	-147	
0	0	-147	
0	0	-147	
0	0	-147	
0	0	-147	
0	0	-147	
0	0	-147	
0	0	-147	
0	0	-147	
0	0	-147	
0	0	-147	
0	0	-147	
0	0	-147	
0	0	-7.23557	
0	0	-7.22144	
0	0	-7.20629	
0	0	-7.1901	
0	0	-7.17283	
0	0	-7.15444	
0	0	-7.1349	
0	0	-7.11419	
0	0	-7.09228	
0	0	-7.06915	
0	0	-7.04479	
0	0	-7.01916	
0	0	-6.99227	
0	0	-6.9641	
0	0	-6.93465	
0	0	-6.90389	
0	0	-6.87185	
0	0	-6.83848	
0	0	-6.80383	
0	0	-6.76788	
0	0	-6.73065	
0	0	-6.69215	
0	0	-6.65238	
0	0	-6.61136	
0	0	-6.56911	
0	0	-6.52565	
0	0	-6.481	
0	0	-6.43517	
0	0	-6.38821	
0	0	-6.34012	
0	0	-6.29095	
0	0	-0.738022	
0	0	-0.737035	
0	0	-0.736131	
0	0	-0.735311	
0	0	-0.734583	
0	0	-0.733918	
0	0	-0.733321	
0	0	-0.73282	
0	0	-0.732388	
0	0	-0.732031	
0	0	-0.731744	
0	0	-0.731627	
0	0	-0.73153	
0	0	-0.731502	
0	0	-0.731546	
0	0	-0.731663	
0	0	-0.731855	
0	0	-0.732121	
0	0	-0.732461	
0	0	-0.732875	
0	0	-0.733363	
0	0	-0.733925	
0	0	-0.734562	
0	0	-0.735272	
0	0	-0.736056	
0	0	-0.736914	
0	0	-0.737846	
0	0	-0.738852	
0	0	-0.739933	
0	0	-0.741088	
0	0	-0.742317	
0	0	-6.31342	
0	0	-6.32155	
0	0	-6.32869	
0	0	-6.34097	
0	0	-6.34781	
0	0	-6.35478	
0	0	-6.36158	
0	0	-6.36821	
0	0	-6.37472	
0	0	-6.38113	
0	0	-6.38747	
0	0	-6.39376	
0	0	-6.39998	
0	0	-6.40615	
0	0	-6.41228	
0	0	-6.41833	
0	0	-6.42423	
0	0	-147	
0	0	-147	
0	0	-147	
0	0	-147	
0	0	-147	
0	0	-147	
0	0	-147	
0	0	-147	
0	0	-147	
0	0	-147	
0	0	-147	
0	0	-147	
0	0	-147	
0	0	-147	
0	0	-147	
0	0	-147	
0	0	-147	
0	0	-147	
0	0	-147	
0	0	-147	
0	0	-147	
0	0	-147	
0	0	-147	
0	0	-147	
0	0	-147	
0	0	-147	
0	0	-147	
0	0	-147	
0	0	-147	
0	0	-147	
0	0	-147	
0	0	-147	
0	0	-147	
0	0	-147	
0	0	-147	
0	0	-147	
0	0	-147	
0	0	-147	
0	0	-147	
0	0	-147	
0	0	-147	
0	0	-147	
0	0	-147	
0	0	-147	
0	0	-147	
0	0	-147	
0	0	-147	
0	0	-147	
0	0	-147	
0	0	-147	
0	0	-147	
0	0	-147	
0	0	-147	
0	0	-147	
0	0	-147	
0	0	-147	
0	0	-147	
0	0	-147	
0	0	-147	
0	0	-147	
0	0	-147	
0	0	-147	
0	0	-147	
0	0	-147	
0	0	-147	
0	0	-147	
0	0	-147	
0	0	-147	
0	0	-147	
0	0	-147	
0	0	-147	
0	0	-147	
0	0	-147	
0	0	-147	
0	0	-147	
0	0	-147	
0	0	-147	
0	0	-147	
0	0	-147	
0	0	-147	
0	0	-147	
0	0	-147	
0	0	-147	
0	0	-147	
0	0	-147	
0	0	-147	
0	0	-147	
0	0	-147	
0	0	-147	
0	0	-147	
0	0	-147	
0	0	-147	
0	0	-147	
0	0	-147	
0	0	-147	
0	0	-147	
0	0	-147	
0	0	-147	
0	0	-147	
0	0	-147	
0	0	-147	
0	0	-147	
0	0	-147	
0	0	-147	
0	0	-147	
0	0	-147	
0	0	-147	
0	0	-147	
0	0	-147	
0	0	-147	
0	0	-147	
0	0	-147	
0	0	-147	
0	0	-147	
0	0	-147	
0	0	-147	
0	0	-147	
0	0	-147	
0	0	-147	
0	0	-147	
0	0	-147	
0	0	-147	
0	0	-147	
0	0	-147	
0	0	-147	
0	0	-147	
0	0	-147	
0	0	-147	
0	0	-147	
0	0	-147	
0	0	-147	
0	0	-147	
0	0	-147	
0	0	-147	
0	0	-147	
0	0	-147	
0	0	-147	
0	0	-147	
0	0	-147	
0	0	-147	
0	0	-147	
0	0	-147	
0	0	-147	
0	0	-147	
0	0	-147	
0	0	-147	
0	0	-147	
0	0	-147	
0	0	-147	
0	0	-147	
0	0	-147	
0	0	-147	
0	0	-147	
0	0	-147	
0	0	-147	
0	0	-147	
0	0	-147	
0	0	-147	
0	0	-147	
0	0	-147	
0	0	-147	
0	0	-147	
0	0	-147	
0	0	-147	
0	0	-147	
0	0	-147	
0	0	-147	
0	0	-147	
0	0	-147	
0	0	-147	
0	0	-147	
0	0	-147	
0	0	-147	
0	0	-147	
0	0	-147	
0	0	-147	
0	0	-147	
0	0	-147	
0	0	-147	
0	0	-147	
0	0	-147	
0	0	-147	
0	0	-147	
0	0	-147	
0	0	-147	
0	0	-147	
0	0	-147	
0	0	-147	
0	0	-147	
0	0	-147	
0	0	-147	
0	0	-147	
0	0	-147	
0	0	-147	
0	0	-147	
0	0	-147	
0	0	-147	
0	0	-147	
0	0	-147	
0	0	-147	
0	0	-147	
0	0	-147	
0	0	-147	
0	0	-147	
0	0	-147	
0	0	-147	
0	0	-147	
0	0	-147	
0	0	-147	
0	0	-147	
0	0	-147	
0	0	-147	
0	0	-147	
0	0	-147	
0	0	-147	
0	0	-147	
0	0	-147	
0	0	-147	
0	0	-147	
0	0	-147	
0	0	-147	
0	0	-147	
0	0	-147	
0	0	-147	
0	0	-147	
0	0	-147	
0	0	-147	
0	0	-147	
0	0	-147	
0	0	-147	
0	0	-147	
0	0	-147	
0	0	-147	
0	0	-147	
0	0	-147	
0	0	-147	
0	0	-147	
0	0	-147	
0	0	-147	
0	0	-147	
0	0	-147	
0	0	-147	
0	0	-147	
0	0	-147	
0	0	-147	
0	0	-147	
0	0	-147	
0	0	-147	
0	0	-147	
0	0	-147	
0	0	-147	
0	0	-147	
0	0	-147	
0	0	-147	
0	0	-147	
0	0	-147	
0	0	-147	
0	0	-147	
0	0	-147	
0	0	-147	
0	0	-147	
0	0	-147	
0	0	-147	
0	0	-147	
0	0	-147	
0	0	-147	
0	0	-147	
0	0	-147	
0	0	-147	
0	0	-147	
0	0	-147	
0	0	-147	
0	0	-147	
0	0	-147	
0	0	-147	
0	0	-147	
0	0	-147	
0	0	-147	
0	0	-147	
0	0	-147	
0	0	-147	
0	0	-147	
0	0	-147	
0	0	-147	
0	0	-147	
0	0	-147	
0	0	-147	
0	0	-147	
0	0	-147	
0	0	-147	
0	0	-147	
0	0	-147	
0	0	-147	
0	0	-147	
0	0	-147	
0	0	-147	
0	0	-147	
0	0	-147	
0	0	-147	
0	0	-147	
0	0	-147	
0	0	-147	
0	0	-147	
0	0	-147	
0	0	-147	
0	0	-147	
0	0	-147	
0	0	-147	
0	0	-147	
0	0	-147	
0	0	-147	
0	0	-147	
0	0	-147	
0	0	-147	
0	0	-147	
0	0	-147	
0	0	-147	
0	0	-147	
0	0	-147	
0	0	-147	
0	0	-147	
0	0	-147	
0	0	-147	
0	0	-147	
0	0	-147	
0	0	-147	
0	0	-147	
0	0	-147	
0	0	-147	
0	0	-147	
0	0	-147	
0	0	-147	
0	0	-147	
0	0	-147	
0	0	-147	
0	0	-147	
0	0	-147	
0	0	-147	
0	0	-147	
0	0	-147	
0	0	-147	
0	0	-147	
0	0	-147	
0	0	-147	
0	0	-147	
0	0	-147	
0	0	-147	
0	0	-147	
0	0	-147	
0	0	-147	
0	0	-147	
0	0	-147	
0	0	-147	
0	0	-147	
0	0	-147	
0	0	-147	
0	0	-147	
0	0	-147	
0	0	-147	
0	0	-147	
0	0	-147	
0	0	-147	
0	0	-147	
0	0	-147	
0	0	-147	
0	0	-147	
0	0	-147	
0	0	-147	
0	0	-147	
0	0	-147	
0	0	-147	
0	0	-147	
0	0	-147	
0	0	-147	
0	0	-147	
0	0	-147	
0	0	-147	
0	0	-147	
0	0	-147	
0	0	-147	
0	0	-147	
0	0	-147	
0	0	-147	
0	0	-147	
0	0	-147	
0	0	-147	
0	0	-147	
0	0	-147	
0	0	-147	
0	0	-147	
0	0	-147	
0	0	-147	
0	0	-147	
0	0	-147	
0	0	-147	
0	0	-147	
0	0	-147	
0	0	-147	
0	0	-147	
0	0	-147	
0	0	-147	
0	0	-147	
0	0	-147	
0	0	-147	
0	0	-147	
0	0	-147	
0	0	-147	
0	0	-147	
0	0	-147	
0	0	-147	
0	0	-147	
0	0	-147	
0	0	-147	
0	0	-147	
0	0	-147	
0	0	-147	
0	0	-147	
0	0	-7.27337	
0	0	-7.26145	
0	0	-7.24825	
0	0	-7.23334	
0	0	-7.22031	
0	0	-7.19152	
0	0	-7.17187	
0	0	-7.14907	
0	0	-7.12645	
0	0	-7.10237	
0	0	-7.07726	
0	0	-7.0509	
0	0	-7.02333	
0	0	-6.99453	
0	0	-6.96449	
0	0	-6.93321	
0	0	-6.90069	
0	0	-6.86693	
0	0	-6.83191	
0	0	-6.79566	
0	0	-6.75816	
0	0	-6.71943	
0	0	-6.67947	
0	0	-6.6383	
0	0	-6.59593	
0	0	-6.55237	
0	0	-6.50764	
0	0	-6.46177	
0	0	-6.41477	
0	0	-6.36667	
0	0	-6.31749	
0	0	-0.648922	
0	0	-0.647171	
0	0	-0.645486	
0	0	-0.643871	
0	0	-0.642326	
0	0	-0.640857	
0	0	-0.639423	
0	0	-0.638051	
0	0	-0.636743	
0	0	-0.635501	
0	0	-0.634313	
0	0	-0.633183	
0	0	-0.632109	
0	0	-0.631085	
0	0	-0.630097	
0	0	-0.629185	
0	0	-0.628355	
0	0	-0.627582	
0	0	-0.626873	
0	0	-0.626235	
0	0	-0.625635	
0	0	-0.625077	
0	0	-0.624589	
0	0	-0.62416	
0	0	-0.62379	
0	0	-0.623481	
0	0	-0.623218	
0	0	-0.622999	
0	0	-0.622918	
0	0	-0.622766	
0	0	-0.62282	
0	0	-2.41718	
0	0	-2.4452	
0	0	-2.47356	
0	0	-2.50227	
0	0	-2.53131	
0	0	-2.5607	
0	0	-2.59043	
0	0	-2.62051	
0	0	-2.65093	
0	0	-2.68169	
0	0	-2.71279	
0	0	-2.74424	
0	0	-2.77602	
0	0	-2.80815	
0	0	-2.84061	
0	0	-2.87341	
0	0	-2.90654	
0	0	-2.93999	
0	0	-2.97378	
0	0	-3.00789	
0	0	-3.04232	
0	0	-3.07707	
0	0	-3.11212	
0	0	-3.14748	
0	0	-3.18314	
0	0	-3.21909	
0	0	-3.25533	
0	0	-3.29186	
0	0	-3.32865	
0	0	-3.36571	
0	0	-3.40302	
0	0	-147	
0	0	-147	
0	0	-147	
0	0	-147	
0	0	-147	
0	0	-147	
0	0	-147	
0	0	-147	
0	0	-147	
0	0	-147	
0	0	-147	
0	0	-147	
0	0	-147	
0	0	-147	
0	0	-147	
0	0	-147	
0	0	-147	
0	0	-147	
0	0	-147	
0	0	-147	
0	0	-147	
0	0	-147	
0	0	-147	
0	0	-147	
0	0	-147	
0	0	-147	
0	0	-147	
0	0	-147	
0	0	-147	
0	0	-147	
0	0	-147	
0	0	-147	
0	0	-147	
0	0	-147	
0	0	-147	
0	0	-147	
0	0	-147	
0	0	-147	
0	0	-147	
0	0	-147	
0	0	-147	
0	0	-147	
0	0	-147	
0	0	-147	
0	0	-147	
0	0	-147	
0	0	-147	
0	0	-147	
0	0	-147	
0	0	-147	
0	0	-147	
0	0	-147	
0	0	-147	
0	0	-147	
0	0	-147	
0	0	-147	
0	0	-147	
0	0	-147	
0	0	-147	
0	0	-147	
0	0	-147	
0	0	-147	
0	0	-147	
0	0	-147	
0	0	-147	
0	0	-147	
0	0	-147	
0	0	-147	
0	0	-147	
0	0	-147	
0	0	-147	
0	0	-147	
0	0	-147	
0	0	-147	
0	0	-147	
0	0	-147	
0	0	-147	
0	0	-147	
0	0	-147	
0	0	-147	
0	0	-147	
0	0	-147	
0	0	-147	
0	0	-147	
0	0	-147	
0	0	-147	
0	0	-147	
0	0	-147	
0	0	-147	
0	0	-147	
0	0	-147	
0	0	-147	
0	0	-147	
0	0	-147	
0	0	-147	
0	0	-147	
0	0	-147	
0	0	-147	
0	0	-147	
0	0	-147	
0	0	-147	
0	0	-147	
0	0	-147	
0	0	-147	
0	0	-147	
0	0	-147	
0	0	-147	
0	0	-147	
0	0	-147	
0	0	-147	
0	0	-147	
0	0	-147	
0	0	-147	
0	0	-147	
0	0	-147	
0	0	-147	
0	0	-147	
0	0	-147	
0	0	-147	
0	0	-147	
0	0	-147	
0	0	-147	
0	0	-147	
0	0	-147	
0	0	-147	
0	0	-147	
0	0	-147	
0	0	-147	
0	0	-147	
0	0	-147	
0	0	-147	
0	0	-147	
0	0	-147	
0	0	-147	
0	0	-147	
0	0	-147	
0	0	-147	
0	0	-147	
0	0	-147	
0	0	-147	
0	0	-147	
0	0	-147	
0	0	-147	
0	0	-147	
0	0	-147	
0	0	-147	
0	0	-147	
0	0	-147	
0	0	-147	
0	0	-147	
0	0	-147	
0	0	-147	
0	0	-147	
0	0	-147	
0	0	-147	
0	0	-147	
0	0	-147	
0	0	-147	
0	0	-147	
0	0	-147	
0	0	-147	
0	0	-147	
0	0	-147	
0	0	-147	
0	0	-147	
0	0	-147	
0	0	-147	
0	0	-147	
0	0	-147	
0	0	-147	
0	0	-147	
0	0	-147	
0	0	-147	
0	0	-147	
0	0	-147	
0	0	-147	
0	0	-147	
0	0	-147	
0	0	-147	
0	0	-147	
0	0	-147	
0	0	-147	
0	0	-147	
0	0	-147	
0	0	-147	
0	0	-147	
0	0	-147	
0	0	-147	
0	0	-147	
0	0	-147	
0	0	-147	
0	0	-147	
0	0	-147	
0	0	-147	
0	0	-147	
0	0	-147	
0	0	-147	
0	0	-147	
0	0	-147	
0	0	-147	
0	0	-147	
0	0	-147	
0	0	-147	
0	0	-147	
0	0	-147	
0	0	-147	
0	0	-147	
0	0	-147	
0	0	-147	
0	0	-147	
0	0	-147	
0	0	-147	
0	0	-147	
0	0	-147	
0	0	-147	
0	0	-147	
0	0	-147	
0	0	-147	
0	0	-147	
0	0	-147	
0	0	-147	
0	0	-147	
0	0	-147	
0	0	-147	
0	0	-147	
0	0	-147	
0	0	-147	
0	0	-147	
0	0	-147	
0	0	-147	
0	0	-147	
0	0	-147	
0	0	-147	
0	0	-147	
0	0	-147	
0	0	-147	
0	0	-147	
0	0	-147	
0	0	-147	
0	0	-147	
0	0	-147	
0	0	-147	
0	0	-147	
0	0	-147	
0	0	-147	
0	0	-147	
0	0	-147	
0	0	-147	
0	0	-147	
0	0	-147	
0	0	-147	
0	0	-147	
0	0	-147	
0	0	-147	
0	0	-147	
0	0	-147	
0	0	-147	
0	0	-147	
0	0	-147	
0	0	-147	
0	0	-147	
0	0	-147	
0	0	-147	
0	0	-147	
0	0	-147	
0	0	-147	
0	0	-147	
0	0	-147	
0	0	-147	
0	0	-147	
0	0	-147	
0	0	-147	
0	0	-147	
0	0	-147	
0	0	-147	
0	0	-147	
0	0	-147	
0	0	-147	
0	0	-147	
0	0	-147	
0	0	-147	
0	0	-147	
0	0	-147	
0	0	-147	
0	0	-147	
0	0	-147	
0	0	-147	
0	0	-147	
0	0	-147	
0	0	-147	
0	0	-147	
0	0	-147	
0	0	-147	
0	0	-147	
0	0	-147	
0	0	-147	
0	0	-147	
0	0	-147	
0	0	-147	
0	0	-147	
0	0	-147	
0	0	-147	
0	0	-147	
0	0	-147	
0	0	-147	
0	0	-147	
0	0	-147	
0	0	-147	
0	0	-147	
0	0	-147	
0	0	-147	
0	0	-147	
0	0	-147	
0	0	-147	
0	0	-147	
0	0	-147	
0	0	-147	
0	0	-147	
0	0	-147	
0	0	-147	
0	0	-147	
0	0	-147	
0	0	-147	
0	0	-147	
0	0	-147	
0	0	-147	
0	0	-147	
0	0	-147	
0	0	-147	
0	0	-147	
0	0	-147	
0	0	-147	
0	0	-147	
0	0	-147	
0	0	-147	
0	0	-147	
0	0	-147	
0	0	-147	
0	0	-147	
0	0	-147	
0	0	-147	
0	0	-147	
0	0	-147	
0	0	-147	
0	0	-147	
0	0	-147	
0	0	-147	
0	0	-147	
0	0	-147	
0	0	-147	
0	0	-147	
0	0	-147	
0	0	-147	
0	0	-147	
0	0	-147	
0	0	-147	
0	0	-147	
0	0	-147	
0	0	-147	
0	0	-147	
0	0	-147	
0	0	-147	
0	0	-147	
0	0	-147	
0	0	-147	
0	0	-147	
0	0	-147	
0	0	-147	
0	0	-147	
0	0	-147	
0	0	-147	
0	0	-147	
0	0	-147	
0	0	-147	
0	0	-147	
0	0	-147	
0	0	-147	
0	0	-147	
0	0	-147	
0	0	-147	
0	0	-147	
0	0	-147	
0	0	-147	
0	0	-147	
0	0	-147	
0	0	-147	
0	0	-147	
0	0	-147	
0	0	-147	
0	0	-147	
0	0	-147	
0	0	-147	
0	0	-147	
0	0	-147	
0	0	-147	
0	0	-147	
0	0	-147	
0	0	-147	
0	0	-147	
0	0	-147	
0	0	-147	
0	0	-147	
0	0	-147	
0	0	-2.32006	
0	0	-2.27051	
0	0	-2.22227	
0	0	-2.17532	
0	0	-2.12963	
0	0	-2.08516	
0	0	-2.04189	
0	0	-1.99981	
0	0	-1.95889	
0	0	-1.91911	
0	0	-1.88044	
0	0	-1.84286	
0	0	-1.80636	
0	0	-1.7709	
0	0	-1.73647	
0	0	-1.70303	
0	0	-1.67057	
0	0	-1.63906	
0	0	-1.60848	
0	0	-1.57881	
0	0	-1.55002	
0	0	-1.5221	
0	0	-1.49503	
0	0	-1.46877	
0	0	-1.44333	
0	0	-1.41866	
0	0	-1.39477	
0	0	-1.37162	
0	0	-1.3492	
0	0	-1.32749	
0	0	-1.30648	
0	0	-147	
0	0	-147	
0	0	-147	
0	0	-147	
0	0	-147	
0	0	-147	
0	0	-147	
0	0	-147	
0	0	-147	
0	0	-147	
0	0	-147	
0	0	-147	
0	0	-147	
0	0	-147	
0	0	-147	
0	0	-147	
0	0	-147	
0	0	-147	
0	0	-147	
0	0	-147	
0	0	-147	
0	0	-147	
0	0	-147	
0	0	-147	
0	0	-147	
0	0	-147	
0	0	-147	
0	0	-147	
0	0	-147	
0	0	-147	
0	0	-147	
0	0	-147	
0	0	-147	
0	0	-147	
0	0	-147	
0	0	-147	
0	0	-147	
0	0	-147	
0	0	-147	
0	0	-147	
0	0	-147	
0	0	-147	
0	0	-147	
0	0	-147	
0	0	-147	
0	0	-147	
0	0	-147	
0	0	-147	
0	0	-147	
0	0	-147	
0	0	-147	
0	0	-147	
0	0	-7.3329	
0	0	-7.33233	
0	0	-7.33333	
0	0	-7.33351	
0	0	-7.33333	
0	0	-7.33259	
0	0	-7.33103	
0	0	-7.33167	
0	0	-7.332	
0	0	-7.33238	
0	0	-0.616925	
0	0	-0.611737	
0	0	-0.606744	
0	0	-0.601944	
0	0	-0.597332	
0	0	-0.592912	
0	0	-0.588684	
0	0	-0.584643	
0	0	-0.580788	
0	0	-0.577116	
0	0	-0.573625	
0	0	-0.570315	
0	0	-0.567187	
0	0	-0.56424	
0	0	-0.561471	
0	0	-0.558881	
0	0	-0.556463	
0	0	-0.554219	
0	0	-0.552148	
0	0	-0.55025	
0	0	-0.548522	
0	0	-0.546963	
0	0	-0.545571	
0	0	-0.544345	
0	0	-0.543288	
0	0	-0.542401	
0	0	-0.54168	
0	0	-0.541126	
0	0	-0.540736	
0	0	-0.540506	
0	0	-0.540437	
0	0	-147	
0	0	-147	
0	0	-147	
0	0	-147	
0	0	-147	
0	0	-147	
0	0	-147	
0	0	-147	
0	0	-147	
0	0	-147	
0	0	-147	
0	0	-147	
0	0	-147	
0	0	-147	
0	0	-147	
0	0	-147	
0	0	-147	
0	0	-147	
0	0	-147	
0	0	-147	
0	0	-147	
0	0	-147	
0	0	-147	
0	0	-147	
0	0	-147	
0	0	-147	
0	0	-147	
0	0	-147	
0	0	-147	
0	0	-147	
0	0	-147	
0	0	-147	
0	0	-147	
0	0	-147	
0	0	-147	
0	0	-147	
0	0	-147	
0	0	-147	
0	0	-147	
0	0	-147	
0	0	-147	
0	0	-147	
0	0	-147	
0	0	-147	
0	0	-147	
0	0	-147	
0	0	-147	
0	0	-147	
0	0	-147	
0	0	-147	
0	0	-147	
0	0	-147	
0	0	-147	
0	0	-147	
0	0	-147	
0	0	-147	
0	0	-147	
0	0	-147	
0	0	-147	
0	0	-147	
0	0	-147	
0	0	-147	
0	0	-147	
0	0	-147	
0	0	-147	
0	0	-147	
0	0	-147	
0	0	-147	
0	0	-147	
0	0	-147	
0	0	-147	
0	0	-147	
0	0	-147	
0	0	-147	
0	0	-147	
0	0	-147	
0	0	-147	
0	0	-147	
0	0	-147	
0	0	-147	
0	0	-147	
0	0	-147	
0	0	-147	
0	0	-147	
0	0	-147	
0	0	-147	
0	0	-147	
0	0	-147	
0	0	-147	
0	0	-147	
0	0	-147	
0	0	-147	
0	0	-147	
0	0	-147	
0	0	-147	
0	0	-147	
0	0	-147	
0	0	-147	
0	0	-147	
0	0	-147	
0	0	-147	
0	0	-147	
0	0	-147	
0	0	-147	
0	0	-147	
0	0	-147	
0	0	-147	
0	0	-147	
0	0	-147	
0	0	-147	
0	0	-147	
0	0	-147	
0	0	-147	
0	0	-147	
0	0	-147	
0	0	-147	
0	0	-147	
0	0	-147	
0	0	-147	
0	0	-147	
0	0	-147	
0	0	-147	
0	0	-147	
0	0	-147	
0	0	-147	
0	0	-147	
0	0	-147	
0	0	-147	
0	0	-147	
0	0	-147	
0	0	-147	
0	0	-147	
0	0	-147	
0	0	-147	
0	0	-147	
0	0	-147	
0	0	-147	
0	0	-147	
0	0	-147	
0	0	-147	
0	0	-147	
0	0	-147	
0	0	-147	
0	0	-147	
0	0	-147	
0	0	-147	
0	0	-147	
0	0	-147	
0	0	-147	
0	0	-147	
0	0	-147	
0	0	-147	
0	0	-147	
0	0	-147	
0	0	-147	
0	0	-147	
0	0	-147	
0	0	-147	
0	0	-147	
0	0	-147	
0	0	-147	
0	0	-147	
0	0	-147	
0	0	-147	
0	0	-147	
0	0	-147	
0	0	-147	
0	0	-147	
0	0	-147	
0	0	-147	
0	0	-147	
0	0	-147	
0	0	-147	
0	0	-147	
0	0	-147	
0	0	-147	
0	0	-147	
0	0	-147	
0	0	-147	
0	0	-147	
0	0	-147	
0	0	-147	
0	0	-147	
0	0	-147	
0	0	-147	
0	0	-147	
0	0	-147	
0	0	-147	
0	0	-147	
0	0	-147	
0	0	-147	
0	0	-147	
0	0	-147	
0	0	-147	
0	0	-147	
0	0	-147	
0	0	-147	
0	0	-147	
0	0	-147	
0	0	-147	
0	0	-147	
0	0	-147	
0	0	-147	
0	0	-147	
0	0	-147	
0	0	-147	
0	0	-147	
0	0	-147	
0	0	-147	
0	0	-147	
0	0	-147	
0	0	-147	
0	0	-147	
0	0	-147	
0	0	-147	
0	0	-147	
0	0	-147	
0	0	-147	
0	0	-147	
0	0	-147	
0	0	-147	
0	0	-147	
0	0	-147	
0	0	-147	
0	0	-147	
0	0	-147	
0	0	-147	
0	0	-147	
0	0	-147	
0	0	-147	
0	0	-147	
0	0	-147	
0	0	-147	
0	0	-147	
0	0	-147	
0	0	-147	
0	0	-147	
0	0	-147	
0	0	-147	
0	0	-147	
0	0	-147	
0	0	-147	
0	0	-147	
0	0	-147	
0	0	-147	
0	0	-147	
0	0	-147	
0	0	-147	
0	0	-147	
0	0	-147	
0	0	-147	
0	0	-147	
0	0	-147	
0	0	-147	
0	0	-147	
0	0	-147	
0	0	-147	
0	0	-147	
0	0	-147	
0	0	-147	
0	0	-147	
0	0	-147	
0	0	-147	
0	0	-147	
0	0	-147	
0	0	-147	
0	0	-147	
0	0	-147	
0	0	-147	
0	0	-147	
0	0	-147	
0	0	-147	
0	0	-147	
0	0	-147	
0	0	-147	
0	0	-147	
0	0	-147	
0	0	-147	
0	0	-147	
0	0	-147	
0	0	-147	
0	0	-147	
0	0	-147	
0	0	-147	
0	0	-147	
0	0	-147	
0	0	-147	
0	0	-147	
0	0	-147	
0	0	-147	
0	0	-147	
0	0	-147	
0	0	-147	
0	0	-147	
0	0	-147	
0	0	-147	
0	0	-147	
0	0	-147	
0	0	-147	
0	0	-147	
0	0	-147	
0	0	-147	
0	0	-147	
0	0	-147	
0	0	-147	
0	0	-147	
0	0	-147	
0	0	-147	
0	0	-147	
0	0	-147	
0	0	-147	
0	0	-147	
0	0	-147	
0	0	-147	
0	0	-147	
0	0	-147	
0	0	-147	
0	0	-147	
0	0	-147	
0	0	-147	
0	0	-147	
0	0	-147	
0	0	-147	
0	0	-147	
0	0	-147	
0	0	-147	
0	0	-147	
0	0	-147	
0	0	-147	
0	0	-147	
0	0	-147	
0	0	-147	
0	0	-147	
0	0	-147	
0	0	-147	
0	0	-147	
0	0	-147	
0	0	-147	
0	0	-147	
0	0	-147	
0	0	-147	
0	0	-147	
0	0	-147	
0	0	-147	
0	0	-147	
0	0	-147	
0	0	-147	
0	0	-147	
0	0	-147	
0	0	-147	
0	0	-147	
0	0	-147	
0	0	-147	
0	0	-147	
0	0	-147	
0	0	-147	
0	0	-147	
0	0	-147	
0	0	-147	
0	0	-147	
0	0	-147	
0	0	-147	
0	0	-147	
0	0	-147	
0	0	-147	
0	0	-147	
0	0	-147	
0	0	-147	
0	0	-147	
0	0	-147	
0	0	-147	
0	0	-147	
0	0	-147	
0	0	-147	
0	0	-147	
0	0	-147	
0	0	-147	
0	0	-147	
0	0	-147	
0	0	-147	
0	0	-147	
0	0	-147	
0	0	-147	
0	0	-147	
0	0	-147	
0	0	-147	
0	0	-147	
0	0	-147	
0	0	-147	
0	0	-147	
0	0	-147	
0	0	-147	
0	0	-147	
0	0	-147	
0	0	-147	
0	0	-147	
0	0	-147	
0	0	-147	
0	0	-147	
0	0	-7.22889	
0	0	-7.23033	
0	0	-7.23263	
0	0	-7.23561	
0	0	-2.10012	
0	0	-2.07364	
0	0	-2.04789	
0	0	-2.02288	
0	0	-1.99853	
0	0	-1.97489	
0	0	-1.95194	
0	0	-1.92968	
0	0	-1.90824	
0	0	-1.88749	
0	0	-1.86733	
0	0	-1.8485	
0	0	-1.82896	
0	0	-1.81019	
0	0	-1.79219	
0	0	-1.7749	
0	0	-1.75832	
0	0	-1.74241	
0	0	-1.72715	
0	0	-1.71254	
0	0	-1.69856	
0	0	-1.68519	
0	0	-1.67244	
0	0	-1.6603	
0	0	-1.64874	
0	0	-1.63777	
0	0	-1.62738	
0	0	-1.61756	
0	0	-1.6083	
0	0	-1.59959	
0	0	-1.59143	
0	0	-147	
0	0	-147	
0	0	-147	
0	0	-147	
0	0	-147	
0	0	-147	
0	0	-147	
0	0	-147	
0	0	-147	
0	0	-147	
0	0	-147	
0	0	-147	
0	0	-147	
0	0	-147	
0	0	-147	
0	0	-147	
0	0	-147	
0	0	-147	
0	0	-147	
0	0	-147	
0	0	-147	
0	0	-147	
0	0	-147	
0	0	-147	
0	0	-147	
0	0	-147	
0	0	-147	
0	0	-147	
0	0	-147	
0	0	-147	
0	0	-147	
0	0	-6.61566	
0	0	-6.55701	
0	0	-6.49618	
0	0	-6.43324	
0	0	-6.36825	
0	0	-6.30129	
0	0	-6.23244	
0	0	-6.16178	
0	0	-6.08941	
0	0	-6.01541	
0	0	-5.9399	
0	0	-5.86296	
0	0	-5.7847	
0	0	-5.70524	
0	0	-5.62468	
0	0	-5.54314	
0	0	-5.46073	
0	0	-5.37756	
0	0	-5.29375	
0	0	-5.2094	
0	0	-5.12464	
0	0	-5.03958	
0	0	-4.95431	
0	0	-4.86896	
0	0	-4.78362	
0	0	-4.6984	
0	0	-4.6134	
0	0	-4.52871	
0	0	-4.44443	
0	0	-4.36065	
0	0	-4.27743	
0	0	-147	
0	0	-147	
0	0	-147	
0	0	-147	
0	0	-147	
0	0	-147	
0	0	-147	
0	0	-147	
0	0	-147	
0	0	-147	
0	0	-147	
0	0	-147	
0	0	-147	
0	0	-147	
0	0	-147	
0	0	-147	
0	0	-147	
0	0	-147	
0	0	-147	
0	0	-147	
0	0	-147	
0	0	-147	
0	0	-147	
0	0	-147	
0	0	-147	
0	0	-147	
0	0	-147	
0	0	-147	
0	0	-147	
0	0	-147	
0	0	-147	
0	0	-147	
0	0	-147	
0	0	-147	
0	0	-147	
0	0	-147	
0	0	-147	
0	0	-147	
0	0	-147	
0	0	-147	
0	0	-147	
0	0	-147	
0	0	-147	
0	0	-147	
0	0	-147	
0	0	-147	
0	0	-147	
0	0	-147	
0	0	-147	
0	0	-147	
0	0	-147	
0	0	-147	
0	0	-147	
0	0	-147	
0	0	-147	
0	0	-147	
0	0	-147	
0	0	-147	
0	0	-147	
0	0	-147	
0	0	-147	
0	0	-147	
0	0	-147	
0	0	-147	
0	0	-147	
0	0	-147	
0	0	-147	
0	0	-147	
0	0	-147	
0	0	-147	
0	0	-147	
0	0	-147	
0	0	-147	
0	0	-147	
0	0	-147	
0	0	-147	
0	0	-147	
0	0	-147	
0	0	-147	
0	0	-147	
0	0	-147	
0	0	-147	
0	0	-147	
0	0	-147	
0	0	-147	
0	0	-147	
0	0	-147	
0	0	-147	
0	0	-147	
0	0	-147	
0	0	-147	
0	0	-147	
0	0	-147	
0	0	-147	
0	0	-147	
0	0	-147	
0	0	-147	
0	0	-147	
0	0	-147	
0	0	-147	
0	0	-147	
0	0	-147	
0	0	-147	
0	0	-147	
0	0	-147	
0	0	-147	
0	0	-147	
0	0	-147	
0	0	-147	
0	0	-147	
0	0	-147	
0	0	-147	
0	0	-147	
0	0	-147	
0	0	-147	
0	0	-147	
0	0	-147	
0	0	-147	
0	0	-147	
0	0	-147	
0	0	-147	
0	0	-147	
0	0	-147	
0	0	-147	
0	0	-147	
0	0	-147	
0	0	-147	
0	0	-147	
0	0	-147	
0	0	-147	
0	0	-147	
0	0	-147	
0	0	-147	
0	0	-147	
0	0	-147	
0	0	-147	
0	0	-147	
0	0	-147	
0	0	-147	
0	0	-147	
0	0	-147	
0	0	-147	
0	0	-147	
0	0	-147	
0	0	-147	
0	0	-147	
0	0	-147	
0	0	-147	
0	0	-147	
0	0	-147	
0	0	-147	
0	0	-147	
0	0	-147	
0	0	-147	
0	0	-147	
0	0	-147	
0	0	-147	
0	0	-147	
0	0	-147	
0	0	-147	
0	0	-147	
0	0	-147	
0	0	-147	
0	0	-147	
0	0	-147	
0	0	-147	
0	0	-147	
0	0	-147	
0	0	-147	
0	0	-147	
0	0	-147	
0	0	-147	
0	0	-147	
0	0	-147	
0	0	-147	
0	0	-147	
0	0	-147	
0	0	-147	
0	0	-147	
0	0	-147	
0	0	-147	
0	0	-147	
0	0	-147	
0	0	-147	
0	0	-147	
0	0	-147	
0	0	-147	
0	0	-147	
0	0	-147	
0	0	-147	
0	0	-147	
0	0	-147	
0	0	-147	
0	0	-147	
0	0	-147	
0	0	-147	
0	0	-147	
0	0	-147	
0	0	-147	
0	0	-147	
0	0	-147	
0	0	-147	
0	0	-147	
0	0	-147	
0	0	-147	
0	0	-147	
0	0	-147	
0	0	-147	
0	0	-147	
0	0	-147	
0	0	-147	
0	0	-147	
0	0	-147	
0	0	-147	
0	0	-147	
0	0	-147	
0	0	-147	
0	0	-147	
0	0	-147	
0	0	-147	
0	0	-147	
0	0	-147	
0	0	-147	
0	0	-147	
0	0	-147	
0	0	-147	
0	0	-147	
0	0	-147	
0	0	-147	
0	0	-147	
0	0	-147	
0	0	-147	
0	0	-147	
0	0	-147	
0	0	-147	
0	0	-147	
0	0	-147	
0	0	-147	
0	0	-147	
0	0	-147	
0	0	-147	
0	0	-147	
0	0	-147	
0	0	-147	
0	0	-147	
0	0	-147	
0	0	-147	
0	0	-147	
0	0	-147	
0	0	-147	
0	0	-147	
0	0	-147	
0	0	-147	
0	0	-147	
0	0	-147	
0	0	-147	
0	0	-147	
0	0	-147	
0	0	-147	
0	0	-147	
0	0	-147	
0	0	-147	
0	0	-147	
0	0	-147	
0	0	-147	
0	0	-147	
0	0	-147	
0	0	-147	
0	0	-147	
0	0	-147	
0	0	-147	
0	0	-147	
0	0	-147	
0	0	-147	
0	0	-147	
0	0	-147	
0	0	-147	
0	0	-147	
0	0	-147	
0	0	-147	
0	0	-147	
0	0	-147	
0	0	-147	
0	0	-147	
0	0	-147	
0	0	-147	
0	0	-147	
0	0	-147	
0	0	-147	
0	0	-147	
0	0	-147	
0	0	-147	
0	0	-147	
0	0	-147	
0	0	-147	
0	0	-147	
0	0	-147	
0	0	-147	
0	0	-147	
0	0	-147	
0	0	-147	
0	0	-147	
0	0	-147	
0	0	-147	
0	0	-147	
0	0	-147	
0	0	-147	
0	0	-147	
0	0	-147	
0	0	-147	
0	0	-147	
0	0	-147	
0	0	-147	
0	0	-147	
0	0	-147	
0	0	-147	
0	0	-147	
0	0	-147	
0	0	-147	
0	0	-147	
0	0	-147	
0	0	-147	
0	0	-147	
0	0	-147	
0	0	-147	
0	0	-147	
0	0	-147	
0	0	-147	
0	0	-147	
0	0	-147	
0	0	-147	
0	0	-147	
0	0	-147	
0	0	-147	
0	0	-147	
0	0	-147	
0	0	-147	
0	0	-147	
0	0	-147	
0	0	-147	
0	0	-147	
0	0	-147	
0	0	-147	
0	0	-147	
0	0	-147	
0	0	-147	
0	0	-147	
0	0	-147	
0	0	-147	
0	0	-147	
0	0	-147	
0	0	-147	
0	0	-147	
0	0	-147	
0	0	-147	
0	0	-147	
0	0	-147	
0	0	-147	
0	0	-147	
0	0	-147	
0	0	-147	
0	0	-147	
0	0	-147	
0	0	-147	
0	0	-147	
0	0	-147	
0	0	-147	
0	0	-147	
0	0	-147	
0	0	-147	
0	0	-147	
0	0	-147	
0	0	-147	
0	0	-147	
0	0	-147	
0	0	-147	
0	0	-147	
0	0	-147	
0	0	-147	
0	0	-147	
0	0	-147	
0	0	-147	
0	0	-147	
0	0	-147	
0	0	-147	
0	0	-147	
0	0	-147	
0	0	-147	
0	0	-147	
0	0	-147	
0	0	-147	
0	0	-147	
0	0	-147	
0	0	-147	
0	0	-147	
0	0	-147	
0	0	-147	
0	0	-147	
0	0	-147	
0	0	-147	
0	0	-147	
0	0	-147	
0	0	-147	
0	0	-147	
0	0	-147	
0	0	-147	
0	0	-147	
0	0	-147	
0	0	-147	
0	0	-147	
0	0	-147	
0	0	-147	
0	0	-147	
0	0	-147	
0	0	-147	
0	0	-147	
0	0	-147	
0	0	-147	
0	0	-147	
0	0	-147	
0	0	-147	
0	0	-147	
0	0	-147	
0	0	-147	
0	0	-147	
0	0	-147	
0	0	-147	
0	0	-147	
0	0	-147	
0	0	-147	
0	0	-7.24767	
0	0	-7.24372	
0	0	-7.24154	
0	0	-7.23977	
0	0	-1.96803	
0	0	-1.94329	
0	0	-1.91937	
0	0	-1.89626	
0	0	-1.87396	
0	0	-1.85245	
0	0	-1.83174	
0	0	-1.8118	
0	0	-1.79263	
0	0	-1.77423	
0	0	-1.75657	
0	0	-1.73966	
0	0	-1.72348	
0	0	-1.70801	
0	0	-1.69326	
0	0	-1.67921	
0	0	-1.66584	
0	0	-1.65316	
0	0	-1.64115	
0	0	-1.6298	
0	0	-1.6191	
0	0	-1.60905	
0	0	-1.59964	
0	0	-1.59085	
0	0	-1.58268	
0	0	-1.57512	
0	0	-1.56817	
0	0	-1.56181	
0	0	-1.55605	
0	0	-1.55088	
0	0	-1.54628	
0	0	-147	
0	0	-147	
0	0	-147	
0	0	-147	
0	0	-147	
0	0	-147	
0	0	-147	
0	0	-147	
0	0	-147	
0	0	-147	
0	0	-147	
0	0	-147	
0	0	-147	
0	0	-147	
0	0	-147	
0	0	-147	
0	0	-147	
0	0	-147	
0	0	-147	
0	0	-147	
0	0	-147	
0	0	-147	
0	0	-147	
0	0	-147	
0	0	-147	
0	0	-147	
0	0	-147	
0	0	-147	
0	0	-147	
0	0	-147	
0	0	-147	
0	0	-6.82583	
0	0	-6.77599	
0	0	-6.72274	
0	0	-6.66717	
0	0	-6.60933	
0	0	-6.54928	
0	0	-6.48707	
0	0	-6.42277	
0	0	-6.35645	
0	0	-6.28819	
0	0	-6.21807	
0	0	-6.14618	
0	0	-6.07255	
0	0	-5.9973	
0	0	-5.92056	
0	0	-5.84289	
0	0	-5.76387	
0	0	-5.68562	
0	0	-5.60703	
0	0	-5.52746	
0	0	-5.44702	
0	0	-5.36578	
0	0	-5.28382	
0	0	-5.20126	
0	0	-5.11819	
0	0	-5.03472	
0	0	-4.95097	
0	0	-4.86703	
0	0	-4.78301	
0	0	-4.69903	
0	0	-4.61518	
0	0	-147	
0	0	-147	
0	0	-147	
0	0	-147	
0	0	-147	
0	0	-147	
0	0	-147	
0	0	-147	
0	0	-147	
0	0	-147	
0	0	-147	
0	0	-147	
0	0	-147	
0	0	-147	
0	0	-147	
0	0	-147	
0	0	-147	
0	0	-147	
0	0	-147	
0	0	-147	
0	0	-147	
0	0	-147	
0	0	-147	
0	0	-147	
0	0	-147	
0	0	-147	
0	0	-147	
0	0	-147	
0	0	-147	
0	0	-147	
0	0	-147	
0	0	-147	
0	0	-147	
0	0	-147	
0	0	-147	
0	0	-147	
0	0	-147	
0	0	-147	
0	0	-147	
0	0	-147	
0	0	-147	
0	0	-147	
0	0	-147	
0	0	-147	
0	0	-147	
0	0	-147	
0	0	-147	
0	0	-147	
0	0	-147	
0	0	-147	
0	0	-147	
0	0	-147	
0	0	-147	
0	0	-147	
0	0	-147	
0	0	-147	
0	0	-147	
0	0	-147	
0	0	-147	
0	0	-147	
0	0	-147	
0	0	-147	
0	0	-147	
0	0	-147	
0	0	-147	
0	0	-147	
0	0	-147	
0	0	-147	
0	0	-147	
0	0	-147	
0	0	-147	
0	0	-147	
0	0	-147	
0	0	-147	
0	0	-147	
0	0	-147	
0	0	-147	
0	0	-147	
0	0	-147	
0	0	-147	
0	0	-147	
0	0	-147	
0	0	-147	
0	0	-147	
0	0	-147	
0	0	-147	
0	0	-147	
0	0	-147	
0	0	-147	
0	0	-147	
0	0	-147	
0	0	-147	
0	0	-147	
0	0	-147	
0	0	-147	
0	0	-147	
0	0	-147	
0	0	-147	
0	0	-147	
0	0	-147	
0	0	-147	
0	0	-147	
0	0	-147	
0	0	-147	
0	0	-147	
0	0	-147	
0	0	-147	
0	0	-147	
0	0	-147	
0	0	-147	
0	0	-147	
0	0	-147	
0	0	-147	
0	0	-147	
0	0	-147	
0	0	-147	
0	0	-147	
0	0	-147	
0	0	-147	
0	0	-147	
0	0	-147	
0	0	-147	
0	0	-147	
0	0	-147	
0	0	-147	
0	0	-147	
0	0	-147	
0	0	-147	
0	0	-147	
0	0	-147	
0	0	-147	
0	0	-147	
0	0	-147	
0	0	-147	
0	0	-147	
0	0	-147	
0	0	-147	
0	0	-147	
0	0	-147	
0	0	-147	
0	0	-147	
0	0	-147	
0	0	-147	
0	0	-147	
0	0	-147	
0	0	-147	
0	0	-147	
0	0	-147	
0	0	-147	
0	0	-147	
0	0	-147	
0	0	-147	
0	0	-147	
0	0	-147	
0	0	-147	
0	0	-147	
0	0	-147	
0	0	-147	
0	0	-147	
0	0	-147	
0	0	-147	
0	0	-147	
0	0	-147	
0	0	-147	
0	0	-147	
0	0	-147	
0	0	-147	
0	0	-147	
0	0	-147	
0	0	-147	
0	0	-147	
0	0	-147	
0	0	-147	
0	0	-147	
0	0	-147	
0	0	-147	
0	0	-147	
0	0	-147	
0	0	-147	
0	0	-147	
0	0	-147	
0	0	-147	
0	0	-147	
0	0	-147	
0	0	-147	
0	0	-147	
0	0	-147	
0	0	-147	
0	0	-147	
0	0	-147	
0	0	-147	
0	0	-147	
0	0	-147	
0	0	-147	
0	0	-147	
0	0	-147	
0	0	-147	
0	0	-147	
0	0	-147	
0	0	-147	
0	0	-147	
0	0	-147	
0	0	-147	
0	0	-147	
0	0	-147	
0	0	-147	
0	0	-147	
0	0	-147	
0	0	-147	
0	0	-147	
0	0	-147	
0	0	-147	
0	0	-147	
0	0	-147	
0	0	-147	
0	0	-147	
0	0	-147	
0	0	-147	
0	0	-147	
0	0	-147	
0	0	-147	
0	0	-147	
0	0	-147	
0	0	-147	
0	0	-147	
0	0	-147	
0	0	-147	
0	0	-147	
0	0	-147	
0	0	-147	
0	0	-147	
0	0	-147	
0	0	-147	
0	0	-147	
0	0	-147	
0	0	-147	
0	0	-147	
0	0	-147	
0	0	-147	
0	0	-147	
0	0	-147	
0	0	-147	
0	0	-147	
0	0	-147	
0	0	-147	
0	0	-147	
0	0	-147	
0	0	-147	
0	0	-147	
0	0	-147	
0	0	-147	
0	0	-147	
0	0	-147	
0	0	-147	
0	0	-147	
0	0	-147	
0	0	-147	
0	0	-147	
0	0	-147	
0	0	-147	
0	0	-147	
0	0	-147	
0	0	-147	
0	0	-147	
0	0	-147	
0	0	-7.2636	
0	0	-7.26432	
0	0	-7.26504	
0	0	-7.26576	
0	0	-7.26648	
0	0	-7.26721	
0	0	-7.26793	
0	0	-7.26865	
0	0	-7.26937	
0	0	-7.27009	
0	0	-7.27081	
0	0	-7.27153	
0	0	-7.27225	
0	0	-7.27297	
0	0	-3.63871	
0	0	-3.62915	
0	0	-3.62015	
0	0	-3.61172	
0	0	-3.60387	
0	0	-3.59662	
0	0	-3.58997	
0	0	-3.58395	
0	0	-3.57857	
0	0	-3.57386	
0	0	-3.56986	
0	0	-3.56662	
0	0	-3.56397	
0	0	-3.56203	
0	0	-3.56073	
0	0	-3.56026	
0	0	-3.56053	
0	0	-3.5616	
0	0	-3.56357	
0	0	-3.56622	
0	0	-3.56969	
0	0	-3.574	
0	0	-3.57917	
0	0	-3.58519	
0	0	-3.59194	
0	0	-3.60004	
0	0	-3.60896	
0	0	-3.61893	
0	0	-3.62998	
0	0	-3.64212	
0	0	-3.65534	
0	0	-147	
0	0	-147	
0	0	-147	
0	0	-147	
0	0	-147	
0	0	-147	
0	0	-147	
0	0	-147	
0	0	-147	
0	0	-147	
0	0	-147	
0	0	-147	
0	0	-147	
0	0	-147	
0	0	-147	
0	0	-147	
0	0	-147	
0	0	-147	
0	0	-147	
0	0	-147	
0	0	-147	
0	0	-147	
0	0	-147	
0	0	-147	
0	0	-147	
0	0	-147	
0	0	-147	
0	0	-147	
0	0	-147	
0	0	-147	
0	0	-147	
0	0	-147	
0	0	-147	
0	0	-147	
0	0	-147	
0	0	-147	
0	0	-147	
0	0	-147	
0	0	-147	
0	0	-147	
0	0	-147	
0	0	-147	
0	0	-147	
0	0	-147	
0	0	-147	
0	0	-147	
0	0	-147	
0	0	-147	
0	0	-147	
0	0	-147	
0	0	-147	
0	0	-147	
0	0	-147	
0	0	-147	
0	0	-147	
0	0	-147	
0	0	-147	
0	0	-147	
0	0	-147	
0	0	-147	
0	0	-147	
0	0	-147	
0	0	-147	
0	0	-147	
0	0	-147	
0	0	-147	
0	0	-147	
0	0	-147	
0	0	-147	
0	0	-147	
0	0	-147	
0	0	-147	
0	0	-147	
0	0	-147	
0	0	-147	
0	0	-147	
0	0	-147	
0	0	-147	
0	0	-147	
0	0	-147	
0	0	-147	
0	0	-147	
0	0	-147	
0	0	-147	
0	0	-147	
0	0	-147	
0	0	-147	
0	0	-147	
0	0	-147	
0	0	-147	
0	0	-147	
0	0	-147	
0	0	-147	
0	0	-147	
0	0	-147	
0	0	-147	
0	0	-147	
0	0	-147	
0	0	-147	
0	0	-147	
0	0	-147	
0	0	-147	
0	0	-147	
0	0	-147	
0	0	-147	
0	0	-147	
0	0	-147	
0	0	-147	
0	0	-147	
0	0	-147	
0	0	-147	
0	0	-147	
0	0	-147	
0	0	-147	
0	0	-147	
0	0	-147	
0	0	-147	
0	0	-147	
0	0	-147	
0	0	-147	
0	0	-147	
0	0	-147	
0	0	-147	
0	0	-147	
0	0	-147	
0	0	-147	
0	0	-147	
0	0	-147	
0	0	-147	
0	0	-147	
0	0	-147	
0	0	-147	
0	0	-147	
0	0	-147	
0	0	-147	
0	0	-147	
0	0	-147	
0	0	-147	
0	0	-147	
0	0	-147	
0	0	-147	
0	0	-147	
0	0	-147	
0	0	-147	
0	0	-147	
0	0	-147	
0	0	-147	
0	0	-147	
0	0	-147	
0	0	-147	
0	0	-147	
0	0	-147	
0	0	-147	
0	0	-147	
0	0	-147	
0	0	-147	
0	0	-147	
0	0	-147	
0	0	-147	
0	0	-147	
0	0	-147	
0	0	-147	
0	0	-147	
0	0	-147	
0	0	-147	
0	0	-147	
0	0	-147	
0	0	-147	
0	0	-147	
0	0	-147	
0	0	-147	
0	0	-147	
0	0	-147	
0	0	-147	
0	0	-147	
0	0	-147	
0	0	-147	
0	0	-147	
0	0	-147	
0	0	-147	
0	0	-147	
0	0	-147	
0	0	-147	
0	0	-147	
0	0	-147	
0	0	-147	
0	0	-147	
0	0	-147	
0	0	-147	
0	0	-147	
0	0	-147	
0	0	-147	
0	0	-147	
0	0	-147	
0	0	-147	
0	0	-147	
0	0	-147	
0	0	-147	
0	0	-147	
0	0	-147	
0	0	-147	
0	0	-147	
0	0	-147	
0	0	-147	
0	0	-147	
0	0	-147	
0	0	-147	
0	0	-147	
0	0	-147	
0	0	-147	
0	0	-147	
0	0	-147	
0	0	-147	
0	0	-147	
0	0	-147	
0	0	-147	
0	0	-147	
0	0	-147	
0	0	-147	
0	0	-147	
0	0	-147	
0	0	-147	
0	0	-147	
0	0	-147	
0	0	-147	
0	0	-147	
0	0	-147	
0	0	-147	
0	0	-147	
0	0	-147	
0	0	-147	
0	0	-147	
0	0	-147	
0	0	-147	
0	0	-147	
0	0	-147	
0	0	-147	
0	0	-147	
0	0	-147	
0	0	-147	
0	0	-147	
0	0	-147	
0	0	-147	
0	0	-147	
0	0	-147	
0	0	-147	
0	0	-147	
0	0	-147	
0	0	-147	
0	0	-147	
0	0	-147	
0	0	-147	
0	0	-147	
0	0	-147	
0	0	-147	
0	0	-147	
0	0	-147	
0	0	-147	
0	0	-147	
0	0	-147	
0	0	-147	
0	0	-147	
0	0	-147	
0	0	-147	
0	0	-147	
0	0	-147	
0	0	-147	
0	0	-147	
0	0	-147	
0	0	-147	
0	0	-147	
0	0	-147	
0	0	-147	
0	0	-147	
0	0	-147	
0	0	-147	
0	0	-147	
0	0	-147	
0	0	-147	
0	0	-6.50745	
0	0	-6.48636	
0	0	-6.46566	
0	0	-6.44557	
0	0	-6.42637	
0	0	-6.40717	
0	0	-6.38853	
0	0	-6.37047	
0	0	-6.35304	
0	0	-6.3362	
0	0	-6.31988	
0	0	-6.3038	
0	0	-6.28921	
0	0	-6.27544	
0	0	-6.26253	
0	0	-6.25054	
0	0	-6.23851	
0	0	-6.22673	
0	0	-6.21519	
0	0	-6.20389	
0	0	-6.19282	
0	0	-6.18197	
0	0	-6.17133	
0	0	-6.1609	
0	0	-6.15066	
0	0	-6.14061	
0	0	-6.13085	
0	0	-6.12148	
0	0	-6.11192	
0	0	-6.10178	
0	0	-6.09224	
0	0	-147	
0	0	-147	
0	0	-147	
0	0	-147	
0	0	-147	
0	0	-147	
0	0	-147	
0	0	-147	
0	0	-147	
0	0	-147	
0	0	-147	
0	0	-147	
0	0	-147	
0	0	-147	
0	0	-147	
0	0	-147	
0	0	-147	
0	0	-147	
0	0	-147	
0	0	-147	
0	0	-147	
0	0	-147	
0	0	-147	
0	0	-147	
0	0	-147	
0	0	-147	
0	0	-147	
0	0	-147	
0	0	-147	
0	0	-147	
0	0	-147	
0	0	-147	
0	0	-147	
0	0	-147	
0	0	-147	
0	0	-147	
0	0	-147	
0	0	-147	
0	0	-147	
0	0	-147	
0	0	-147	
0	0	-147	
0	0	-147	
0	0	-147	
0	0	-147	
0	0	-147	
0	0	-147	
0	0	-147	
0	0	-147	
0	0	-147	
0	0	-147	
0	0	-147	
0	0	-147	
0	0	-147	
0	0	-147	
0	0	-147	
0	0	-147	
0	0	-147	
0	0	-147	
0	0	-147	
0	0	-147	
0	0	-147	
0	0	-147	
0	0	-147	
0	0	-147	
0	0	-147	
0	0	-147	
0	0	-147	
0	0	-147	
0	0	-147	
0	0	-147	
0	0	-147	
0	0	-147	
0	0	-147	
0	0	-147	
0	0	-147	
0	0	-147	
0	0	-147	
0	0	-147	
0	0	-147	
0	0	-147	
0	0	-147	
0	0	-147	
0	0	-147	
0	0	-147	
0	0	-147	
0	0	-147	
0	0	-147	
0	0	-147	
0	0	-147	
0	0	-147	
0	0	-147	
0	0	-147	
0	0	-147	
0	0	-147	
0	0	-147	
0	0	-147	
0	0	-147	
0	0	-147	
0	0	-147	
0	0	-147	
0	0	-147	
0	0	-147	
0	0	-147	
0	0	-147	
0	0	-147	
0	0	-147	
0	0	-147	
0	0	-147	
0	0	-147	
0	0	-147	
0	0	-147	
0	0	-147	
0	0	-147	
0	0	-147	
0	0	-147	
0	0	-147	
0	0	-147	
0	0	-147	
0	0	-147	
0	0	-147	
0	0	-147	
0	0	-147	
0	0	-147	
0	0	-147	
0	0	-147	
0	0	-147	
0	0	-147	
0	0	-147	
0	0	-147	
0	0	-147	
0	0	-147	
0	0	-147	
0	0	-147	
0	0	-147	
0	0	-147	
0	0	-147	
0	0	-147	
0	0	-147	
0	0	-147	
0	0	-147	
0	0	-147	
0	0	-147	
0	0	-147	
0	0	-147	
0	0	-147	
0	0	-147	
0	0	-147	
0	0	-147	
0	0	-147	
0	0	-147	
0	0	-147	
0	0	-147	
0	0	-147	
0	0	-147	
0	0	-147	
0	0	-147	
0	0	-147	
0	0	-147	
0	0	-147	
0	0	-147	
0	0	-147	
0	0	-147	
0	0	-147	
0	0	-147	
0	0	-147	
0	0	-147	
0	0	-147	
0	0	-147	
0	0	-147	
0	0	-147	
0	0	-147	
0	0	-147	
0	0	-147	
0	0	-147	
0	0	-147	
0	0	-147	
0	0	-147	
0	0	-147	
0	0	-147	
0	0	-147	
0	0	-147	
0	0	-147	
0	0	-147	
0	0	-147	
0	0	-147	
0	0	-147	
0	0	-147	
0	0	-147	
0	0	-147	
0	0	-147	
0	0	-147	
0	0	-147	
0	0	-147	
0	0	-147	
0	0	-147	
0	0	-147	
0	0	-147	
0	0	-147	
0	0	-147	
0	0	-147	
0	0	-147	
0	0	-147	
0	0	-147	
0	0	-147	
0	0	-147	
0	0	-147	
0	0	-147	
0	0	-147	
0	0	-147	
0	0	-147	
0	0	-147	
0	0	-147	
0	0	-147	
0	0	-147	
0	0	-147	
0	0	-147	
0	0	-147	
0	0	-147	
0	0	-147	
0	0	-147	
0	0	-147	
0	0	-147	
0	0	-147	
0	0	-147	
0	0	-147	
0	0	-147	
0	0	-147	
0	0	-147	
0	0	-147	
0	0	-147	
0	0	-147	
0	0	-147	
0	0	-147	
0	0	-147	
0	0	-147	
0	0	-147	
0	0	-147	
0	0	-147	
0	0	-147	
0	0	-147	
0	0	-147	
0	0	-147	
0	0	-147	
0	0	-147	
0	0	-147	
0	0	-147	
0	0	-147	
0	0	-5.03361	
0	0	-4.95743	
0	0	-4.88139	
0	0	-4.80562	
0	0	-4.73039	
0	0	-4.65494	
0	0	-4.5798	
0	0	-4.50504	
0	0	-4.43077	
0	0	-4.35707	
0	0	-4.28401	
0	0	-4.21165	
0	0	-4.14004	
0	0	-4.06925	
0	0	-3.99929	
0	0	-3.9302	
0	0	-3.86201	
0	0	-3.79468	
0	0	-3.72867	
0	0	-3.66387	
0	0	-3.60025	
0	0	-3.53781	
0	0	-3.47658	
0	0	-3.41657	
0	0	-3.35785	
0	0	-3.30047	
0	0	-3.24409	
0	0	-3.18907	
0	0	-3.13536	
0	0	-3.08295	
0	0	-3.03187	
0	0	-147	
0	0	-147	
0	0	-147	
0	0	-147	
0	0	-147	
0	0	-147	
0	0	-147	
0	0	-147	
0	0	-147	
0	0	-147	
0	0	-147	
0	0	-147	
0	0	-147	
0	0	-147	
0	0	-147	
0	0	-147	
0	0	-147	
0	0	-147	
0	0	-147	
0	0	-147	
0	0	-147	
0	0	-147	
0	0	-147	
0	0	-147	
0	0	-147	
0	0	-147	
0	0	-147	
0	0	-147	
0	0	-147	
0	0	-147	
0	0	-147	
0	0	-147	
0	0	-147	
0	0	-147	
0	0	-147	
0	0	-147	
0	0	-147	
0	0	-147	
0	0	-147	
0	0	-147	
0	0	-147	
0	0	-147	
0	0	-147	
0	0	-147	
0	0	-147	
0	0	-147	
0	0	-147	
0	0	-147	
0	0	-147	
0	0	-147	
0	0	-147	
0	0	-147	
0	0	-147	
0	0	-147	
0	0	-147	
0	0	-147	
0	0	-147	
0	0	-147	
0	0	-147	
0	0	-147	
0	0	-147	
0	0	-147	
0	0	-147	
0	0	-147	
0	0	-147	
0	0	-147	
0	0	-147	
0	0	-147	
0	0	-147	
0	0	-147	
0	0	-147	
0	0	-147	
0	0	-147	
0	0	-147	
0	0	-147	
0	0	-147	
0	0	-147	
0	0	-147	
0	0	-147	
0	0	-147	
0	0	-147	
0	0	-147	
0	0	-147	
0	0	-147	
0	0	-147	
0	0	-147	
0	0	-147	
0	0	-147	
0	0	-147	
0	0	-147	
0	0	-147	
0	0	-147	
0	0	-147	
0	0	-147	
0	0	-147	
0	0	-147	
0	0	-147	
0	0	-147	
0	0	-147	
0	0	-147	
0	0	-147	
0	0	-147	
0	0	-147	
0	0	-147	
0	0	-147	
0	0	-147	
0	0	-147	
0	0	-147	
0	0	-147	
0	0	-147	
0	0	-147	
0	0	-147	
0	0	-147	
0	0	-147	
0	0	-147	
0	0	-147	
0	0	-147	
0	0	-147	
0	0	-147	
0	0	-147	
0	0	-147	
0	0	-147	
0	0	-147	
0	0	-147	
0	0	-6.70986	
0	0	-6.66004	
0	0	-6.61344	
0	0	-6.55944	
0	0	-6.50343	
0	0	-6.4456	
0	0	-6.38596	
0	0	-6.32456	
0	0	-6.26143	
0	0	-6.19663	
0	0	-6.13024	
0	0	-6.06223	
0	0	-5.99262	
0	0	-5.92145	
0	0	-5.8488	
0	0	-5.77474	
0	0	-5.69901	
0	0	-5.62452	
0	0	-5.54916	
0	0	-5.47293	
0	0	-5.39594	
0	0	-5.31831	
0	0	-5.24014	
0	0	-5.16153	
0	0	-5.08257	
0	0	-5.00338	
0	0	-4.92403	
0	0	-4.8447	
0	0	-4.76551	
0	0	-4.68662	
0	0	-4.60827	
0	0	-147	
0	0	-147	
0	0	-147	
0	0	-147	
0	0	-147	
0	0	-147	
0	0	-147	
0	0	-147	
0	0	-147	
0	0	-147	
0	0	-147	
0	0	-147	
0	0	-147	
0	0	-147	
0	0	-147	
0	0	-147	
0	0	-147	
0	0	-147	
0	0	-147	
0	0	-147	
0	0	-147	
0	0	-147	
0	0	-147	
0	0	-147	
0	0	-147	
0	0	-147	
0	0	-147	
0	0	-147	
0	0	-147	
0	0	-147	
0	0	-147	
0	0	-147	
0	0	-147	
0	0	-147	
0	0	-147	
0	0	-147	
0	0	-147	
0	0	-147	
0	0	-147	
0	0	-147	
0	0	-147	
0	0	-147	
0	0	-147	
0	0	-147	
0	0	-147	
0	0	-147	
0	0	-147	
0	0	-147	
0	0	-147	
0	0	-147	
0	0	-147	
0	0	-147	
0	0	-147	
0	0	-147	
0	0	-147	
0	0	-147	
0	0	-147	
0	0	-147	
0	0	-147	
0	0	-147	
0	0	-147	
0	0	-147	
0	0	-147	
0	0	-147	
0	0	-147	
0	0	-147	
0	0	-147	
0	0	-147	
0	0	-147	
0	0	-147	
0	0	-147	
0	0	-147	
0	0	-147	
0	0	-147	
0	0	-147	
0	0	-147	
0	0	-147	
0	0	-147	
0	0	-147	
0	0	-147	
0	0	-147	
0	0	-147	
0	0	-147	
0	0	-147	
0	0	-147	
0	0	-147	
0	0	-147	
0	0	-147	
0	0	-147	
0	0	-147	
0	0	-147	
0	0	-147	
0	0	-147	
0	0	-147	
0	0	-147	
0	0	-147	
0	0	-147	
0	0	-147	
0	0	-147	
0	0	-147	
0	0	-147	
0	0	-147	
0	0	-147	
0	0	-147	
0	0	-147	
0	0	-147	
0	0	-147	
0	0	-147	
0	0	-147	
0	0	-147	
0	0	-147	
0	0	-147	
0	0	-147	
0	0	-147	
0	0	-147	
0	0	-147	
0	0	-147	
0	0	-147	
0	0	-147	
0	0	-147	
0	0	-147	
0	0	-147	
0	0	-147	
0	0	-147	
0	0	-147	
0	0	-147	
0	0	-147	
0	0	-147	
0	0	-147	
0	0	-147	
0	0	-147	
0	0	-147	
0	0	-147	
0	0	-147	
0	0	-147	
0	0	-147	
0	0	-147	
0	0	-147	
0	0	-147	
0	0	-147	
0	0	-147	
0	0	-147	
0	0	-147	
0	0	-147	
0	0	-147	
0	0	-147	
0	0	-147	
0	0	-147	
0	0	-147	
0	0	-147	
0	0	-147	
0	0	-147	
0	0	-147	
0	0	-147	
0	0	-147	
0	0	-147	
0	0	-147	
0	0	-147	
0	0	-147	
0	0	-147	
0	0	-147	
0	0	-147	
0	0	-147	
0	0	-147	
0	0	-147	
0	0	-147	
0	0	-147	
0	0	-147	
0	0	-147	
0	0	-147	
0	0	-147	
0	0	-147	
0	0	-147	
0	0	-147	
0	0	-147	
0	0	-147	
0	0	-147	
0	0	-147	
0	0	-147	
0	0	-147	
0	0	-147	
0	0	-147	
0	0	-147	
0	0	-147	
0	0	-147	
0	0	-147	
