0	0	-0.962608	
0	0	-0.97315	
0	0	-0.984085	
0	0	-0.995423	
0	0	-1.00717	
0	0	-1.01935	
0	0	-1.03196	
0	0	-1.04502	
0	0	-1.05855	
0	0	-1.07254	
0	0	-1.08703	
0	0	-1.10202	
0	0	-1.11753	
0	0	-1.13358	
0	0	-1.15018	
0	0	-1.16736	
0	0	-1.18512	
0	0	-1.2035	
0	0	-1.2225	
0	0	-1.24216	
0	0	-1.26249	
0	0	-1.28352	
0	0	-1.30527	
0	0	-1.32778	
0	0	-1.35105	
0	0	-1.37513	
0	0	-1.40004	
0	0	-1.42581	
0	0	-1.45248	
0	0	-1.48007	
0	0	-1.50861	
0	0	-147	
0	0	-147	
0	0	-147	
0	0	-147	
0	0	-147	
0	0	-147	
0	0	-147	
0	0	-147	
0	0	-147	
0	0	-147	
0	0	-147	
0	0	-147	
0	0	-147	
0	0	-147	
0	0	-147	
0	0	-147	
0	0	-147	
0	0	-147	
0	0	-147	
0	0	-147	
0	0	-147	
0	0	-147	
0	0	-147	
0	0	-147	
0	0	-147	
0	0	-147	
0	0	-147	
0	0	-147	
0	0	-147	
0	0	-147	
0	0	-147	
0	0	-147	
0	0	-147	
0	0	-147	
0	0	-147	
0	0	-147	
0	0	-147	
0	0	-147	
0	0	-147	
0	0	-147	
0	0	-147	
0	0	-147	
0	0	-147	
0	0	-147	
0	0	-147	
0	0	-147	
0	0	-147	
0	0	-147	
0	0	-147	
0	0	-147	
0	0	-147	
0	0	-147	
0	0	-147	
0	0	-147	
0	0	-147	
0	0	-147	
0	0	-147	
0	0	-147	
0	0	-147	
0	0	-147	
0	0	-147	
0	0	-147	
0	0	-147	
0	0	-147	
0	0	-147	
0	0	-147	
0	0	-147	
0	0	-147	
0	0	-147	
0	0	-147	
0	0	-147	
0	0	-147	
0	0	-147	
0	0	-147	
0	0	-147	
0	0	-147	
0	0	-147	
0	0	-147	
0	0	-147	
0	0	-147	
0	0	-147	
0	0	-147	
0	0	-147	
0	0	-147	
0	0	-147	
0	0	-147	
0	0	-147	
0	0	-147	
0	0	-147	
0	0	-147	
0	0	-147	
0	0	-147	
0	0	-147	
0	0	-147	
0	0	-147	
0	0	-147	
0	0	-147	
0	0	-147	
0	0	-147	
0	0	-147	
0	0	-147	
0	0	-147	
0	0	-147	
0	0	-147	
0	0	-147	
0	0	-147	
0	0	-147	
0	0	-147	
0	0	-147	
0	0	-147	
0	0	-147	
0	0	-147	
0	0	-147	
0	0	-147	
0	0	-147	
0	0	-147	
0	0	-147	
0	0	-147	
0	0	-147	
0	0	-147	
0	0	-147	
0	0	-147	
0	0	-147	
0	0	-147	
0	0	-147	
0	0	-147	
0	0	-147	
0	0	-147	
0	0	-147	
0	0	-147	
0	0	-147	
0	0	-147	
0	0	-147	
0	0	-147	
0	0	-147	
0	0	-147	
0	0	-147	
0	0	-147	
0	0	-147	
0	0	-147	
0	0	-147	
0	0	-147	
0	0	-147	
0	0	-147	
0	0	-147	
0	0	-147	
0	0	-147	
0	0	-147	
0	0	-147	
0	0	-147	
0	0	-147	
0	0	-147	
0	0	-147	
0	0	-147	
0	0	-147	
0	0	-147	
0	0	-147	
0	0	-147	
0	0	-147	
0	0	-147	
0	0	-147	
0	0	-147	
0	0	-147	
0	0	-147	
0	0	-147	
0	0	-147	
0	0	-147	
0	0	-147	
0	0	-147	
0	0	-147	
0	0	-147	
0	0	-147	
0	0	-147	
0	0	-147	
0	0	-147	
0	0	-147	
0	0	-147	
0	0	-147	
0	0	-147	
0	0	-147	
0	0	-147	
0	0	-147	
0	0	-147	
0	0	-147	
0	0	-147	
0	0	-147	
0	0	-147	
0	0	-147	
0	0	-147	
0	0	-147	
0	0	-147	
0	0	-147	
0	0	-147	
0	0	-147	
0	0	-147	
0	0	-147	
0	0	-147	
0	0	-147	
0	0	-147	
0	0	-147	
0	0	-147	
0	0	-147	
0	0	-147	
0	0	-147	
0	0	-147	
0	0	-147	
0	0	-147	
0	0	-147	
0	0	-147	
0	0	-147	
0	0	-147	
0	0	-147	
0	0	-147	
0	0	-147	
0	0	-147	
0	0	-147	
0	0	-147	
0	0	-147	
0	0	-147	
0	0	-147	
0	0	-147	
0	0	-147	
0	0	-147	
0	0	-147	
0	0	-147	
0	0	-147	
0	0	-147	
0	0	-147	
0	0	-147	
0	0	-147	
0	0	-147	
0	0	-147	
0	0	-147	
0	0	-147	
0	0	-147	
0	0	-147	
0	0	-147	
0	0	-147	
0	0	-147	
0	0	-147	
0	0	-147	
0	0	-147	
0	0	-147	
0	0	-147	
0	0	-147	
0	0	-147	
0	0	-147	
0	0	-147	
0	0	-147	
0	0	-147	
0	0	-147	
0	0	-147	
0	0	-147	
0	0	-147	
0	0	-147	
0	0	-147	
0	0	-147	
0	0	-147	
0	0	-147	
0	0	-147	
0	0	-147	
0	0	-147	
0	0	-147	
0	0	-147	
0	0	-147	
0	0	-147	
0	0	-147	
0	0	-147	
0	0	-147	
0	0	-147	
0	0	-147	
0	0	-147	
0	0	-147	
0	0	-147	
0	0	-147	
0	0	-147	
0	0	-147	
0	0	-147	
0	0	-147	
0	0	-147	
0	0	-147	
0	0	-147	
0	0	-147	
0	0	-147	
0	0	-147	
0	0	-147	
0	0	-147	
0	0	-147	
0	0	-147	
0	0	-147	
0	0	-147	
0	0	-147	
0	0	-147	
0	0	-147	
0	0	-147	
0	0	-147	
0	0	-147	
0	0	-147	
0	0	-147	
0	0	-147	
0	0	-147	
0	0	-147	
0	0	-147	
0	0	-147	
0	0	-147	
0	0	-147	
0	0	-147	
0	0	-147	
0	0	-147	
0	0	-147	
0	0	-147	
0	0	-147	
0	0	-147	
0	0	-147	
0	0	-147	
0	0	-147	
0	0	-147	
0	0	-147	
0	0	-147	
0	0	-147	
0	0	-147	
0	0	-147	
0	0	-147	
0	0	-147	
0	0	-147	
0	0	-147	
0	0	-147	
0	0	-147	
0	0	-147	
0	0	-147	
0	0	-147	
0	0	-147	
0	0	-147	
0	0	-147	
0	0	-147	
0	0	-147	
0	0	-147	
0	0	-147	
0	0	-147	
0	0	-147	
0	0	-147	
0	0	-7.30884	
0	0	-7.30941	
0	0	-7.30994	
0	0	-7.31044	
0	0	-7.31094	
0	0	-7.31143	
0	0	-7.31192	
0	0	-7.3124	
0	0	-7.31288	
0	0	-7.31336	
0	0	-7.31383	
0	0	-7.31429	
0	0	-7.31475	
0	0	-7.31521	
0	0	-7.31572	
0	0	-7.31634	
0	0	-7.31697	
0	0	-7.31772	
0	0	-7.31869	
0	0	-7.31999	
0	0	-7.32166	
0	0	-7.32376	
0	0	-7.32634	
0	0	-7.32946	
0	0	-7.33317	
0	0	-7.33752	
0	0	-7.34256	
0	0	-7.34834	
0	0	-7.34514	
0	0	-7.33786	
0	0	-7.3298	
0	0	-0.804452	
0	0	-0.815827	
0	0	-0.827659	
0	0	-0.839959	
0	0	-0.852738	
0	0	-0.866008	
0	0	-0.879784	
0	0	-0.894077	
0	0	-0.908903	
0	0	-0.924276	
0	0	-0.940211	
0	0	-0.956724	
0	0	-0.97383	
0	0	-0.991543	
0	0	-1.00988	
0	0	-1.02885	
0	0	-1.04847	
0	0	-1.06876	
0	0	-1.0897	
0	0	-1.11142	
0	0	-1.13387	
0	0	-1.15706	
0	0	-1.18103	
0	0	-1.20579	
0	0	-1.23137	
0	0	-1.25777	
0	0	-1.28503	
0	0	-1.31317	
0	0	-1.34222	
0	0	-1.37223	
0	0	-1.40309	
0	0	-147	
0	0	-147	
0	0	-147	
0	0	-147	
0	0	-147	
0	0	-147	
0	0	-147	
0	0	-147	
0	0	-147	
0	0	-147	
0	0	-147	
0	0	-147	
0	0	-147	
0	0	-147	
0	0	-147	
0	0	-147	
0	0	-147	
0	0	-147	
0	0	-147	
0	0	-147	
0	0	-147	
0	0	-147	
0	0	-147	
0	0	-147	
0	0	-147	
0	0	-147	
0	0	-147	
0	0	-147	
0	0	-147	
0	0	-147	
0	0	-147	
0	0	-147	
0	0	-147	
0	0	-147	
0	0	-147	
0	0	-147	
0	0	-147	
0	0	-147	
0	0	-147	
0	0	-147	
0	0	-147	
0	0	-147	
0	0	-147	
0	0	-147	
0	0	-147	
0	0	-147	
0	0	-147	
0	0	-147	
0	0	-147	
0	0	-147	
0	0	-147	
0	0	-147	
0	0	-147	
0	0	-147	
0	0	-147	
0	0	-147	
0	0	-147	
0	0	-147	
0	0	-147	
0	0	-147	
0	0	-147	
0	0	-147	
0	0	-147	
0	0	-147	
0	0	-147	
0	0	-147	
0	0	-147	
0	0	-147	
0	0	-147	
0	0	-147	
0	0	-147	
0	0	-147	
0	0	-147	
0	0	-147	
0	0	-147	
0	0	-147	
0	0	-147	
0	0	-147	
0	0	-147	
0	0	-147	
0	0	-147	
0	0	-147	
0	0	-147	
0	0	-147	
0	0	-147	
0	0	-147	
0	0	-147	
0	0	-147	
0	0	-147	
0	0	-147	
0	0	-147	
0	0	-147	
0	0	-147	
0	0	-1.00646	
0	0	-0.995919	
0	0	-0.985592	
0	0	-0.975477	
0	0	-0.965568	
0	0	-0.955861	
0	0	-0.946353	
0	0	-0.937035	
0	0	-0.927896	
0	0	-0.91892	
0	0	-0.910129	
0	0	-0.901658	
0	0	-0.893347	
0	0	-0.885245	
0	0	-0.877313	
0	0	-0.869547	
0	0	-0.861941	
0	0	-0.854491	
0	0	-0.847194	
0	0	-0.840046	
0	0	-0.833043	
0	0	-0.826179	
0	0	-0.819446	
0	0	-0.812839	
0	0	-0.806341	
0	0	-0.800029	
0	0	-0.793848	
0	0	-0.787793	
0	0	-0.781862	
0	0	-0.776054	
0	0	-0.770365	
0	0	-1.0651	
0	0	-1.07633	
0	0	-1.08778	
0	0	-1.09945	
0	0	-1.11133	
0	0	-1.12344	
0	0	-1.13579	
0	0	-1.14836	
0	0	-1.16118	
0	0	-1.17424	
0	0	-1.18755	
0	0	-1.2011	
0	0	-1.21491	
0	0	-1.229	
0	0	-1.24335	
0	0	-1.25798	
0	0	-1.27291	
0	0	-1.28811	
0	0	-1.30361	
0	0	-1.31942	
0	0	-1.33553	
0	0	-1.35197	
0	0	-1.36873	
0	0	-1.38583	
0	0	-1.40329	
0	0	-1.42109	
0	0	-1.43924	
0	0	-1.45774	
0	0	-1.47661	
0	0	-1.49585	
0	0	-1.51545	
0	0	-147	
0	0	-147	
0	0	-147	
0	0	-147	
0	0	-147	
0	0	-147	
0	0	-147	
0	0	-147	
0	0	-147	
0	0	-147	
0	0	-147	
0	0	-147	
0	0	-147	
0	0	-147	
0	0	-147	
0	0	-147	
0	0	-147	
0	0	-147	
0	0	-147	
0	0	-147	
0	0	-147	
0	0	-147	
0	0	-147	
0	0	-147	
0	0	-147	
0	0	-147	
0	0	-147	
0	0	-147	
0	0	-147	
0	0	-147	
0	0	-147	
0	0	-147	
0	0	-147	
0	0	-147	
0	0	-147	
0	0	-147	
0	0	-147	
0	0	-147	
0	0	-147	
0	0	-147	
0	0	-147	
0	0	-147	
0	0	-147	
0	0	-147	
0	0	-147	
0	0	-147	
0	0	-147	
0	0	-147	
0	0	-147	
0	0	-147	
0	0	-147	
0	0	-147	
0	0	-147	
0	0	-147	
0	0	-147	
0	0	-147	
0	0	-147	
0	0	-147	
0	0	-147	
0	0	-147	
0	0	-147	
0	0	-147	
0	0	-147	
0	0	-147	
0	0	-147	
0	0	-147	
0	0	-147	
0	0	-147	
0	0	-147	
0	0	-147	
0	0	-147	
0	0	-147	
0	0	-147	
0	0	-147	
0	0	-147	
0	0	-147	
0	0	-147	
0	0	-147	
0	0	-147	
0	0	-147	
0	0	-147	
0	0	-147	
0	0	-147	
0	0	-147	
0	0	-147	
0	0	-147	
0	0	-147	
0	0	-147	
0	0	-147	
0	0	-147	
0	0	-147	
0	0	-147	
0	0	-147	
0	0	-147	
0	0	-147	
0	0	-147	
0	0	-147	
0	0	-147	
0	0	-147	
0	0	-147	
0	0	-147	
0	0	-147	
0	0	-147	
0	0	-147	
0	0	-147	
0	0	-147	
0	0	-147	
0	0	-147	
0	0	-147	
0	0	-147	
0	0	-147	
0	0	-147	
0	0	-147	
0	0	-147	
0	0	-147	
0	0	-147	
0	0	-147	
0	0	-147	
0	0	-147	
0	0	-147	
0	0	-147	
0	0	-147	
0	0	-147	
0	0	-147	
0	0	-147	
0	0	-147	
0	0	-147	
0	0	-147	
0	0	-147	
0	0	-147	
0	0	-147	
0	0	-147	
0	0	-147	
0	0	-147	
0	0	-147	
0	0	-147	
0	0	-147	
0	0	-147	
0	0	-147	
0	0	-147	
0	0	-147	
0	0	-147	
0	0	-147	
0	0	-147	
0	0	-147	
0	0	-147	
0	0	-147	
0	0	-147	
0	0	-147	
0	0	-147	
0	0	-147	
0	0	-147	
0	0	-147	
0	0	-147	
0	0	-147	
0	0	-147	
0	0	-147	
0	0	-147	
0	0	-147	
0	0	-147	
0	0	-147	
0	0	-147	
0	0	-147	
0	0	-147	
0	0	-147	
0	0	-147	
0	0	-147	
0	0	-147	
0	0	-147	
0	0	-147	
0	0	-147	
0	0	-147	
0	0	-147	
0	0	-147	
0	0	-147	
0	0	-147	
0	0	-147	
0	0	-147	
0	0	-147	
0	0	-147	
0	0	-147	
0	0	-147	
0	0	-147	
0	0	-147	
0	0	-147	
0	0	-147	
0	0	-147	
0	0	-147	
0	0	-147	
0	0	-147	
0	0	-147	
0	0	-147	
0	0	-147	
0	0	-147	
0	0	-147	
0	0	-147	
0	0	-147	
0	0	-147	
0	0	-147	
0	0	-147	
0	0	-147	
0	0	-147	
0	0	-147	
0	0	-147	
0	0	-147	
0	0	-147	
0	0	-147	
0	0	-147	
0	0	-147	
0	0	-147	
0	0	-147	
0	0	-147	
0	0	-147	
0	0	-147	
0	0	-147	
0	0	-147	
0	0	-147	
0	0	-147	
0	0	-147	
0	0	-147	
0	0	-147	
0	0	-147	
0	0	-147	
0	0	-147	
0	0	-147	
0	0	-147	
0	0	-147	
0	0	-147	
0	0	-147	
0	0	-147	
0	0	-147	
0	0	-147	
0	0	-147	
0	0	-147	
0	0	-147	
0	0	-147	
0	0	-147	
0	0	-147	
0	0	-147	
0	0	-147	
0	0	-147	
0	0	-147	
0	0	-147	
0	0	-147	
0	0	-147	
0	0	-147	
0	0	-147	
0	0	-147	
0	0	-147	
0	0	-147	
0	0	-147	
0	0	-147	
0	0	-147	
0	0	-147	
0	0	-147	
0	0	-147	
0	0	-147	
0	0	-147	
0	0	-147	
0	0	-147	
0	0	-147	
0	0	-147	
0	0	-147	
0	0	-147	
0	0	-147	
0	0	-147	
0	0	-147	
0	0	-147	
0	0	-147	
0	0	-147	
0	0	-147	
0	0	-147	
0	0	-147	
0	0	-147	
0	0	-147	
0	0	-147	
0	0	-147	
0	0	-147	
0	0	-147	
0	0	-147	
0	0	-147	
0	0	-147	
0	0	-147	
0	0	-147	
0	0	-147	
0	0	-147	
0	0	-147	
0	0	-147	
0	0	-147	
0	0	-147	
0	0	-147	
0	0	-147	
0	0	-147	
0	0	-147	
0	0	-147	
0	0	-147	
0	0	-147	
0	0	-147	
0	0	-147	
0	0	-147	
0	0	-147	
0	0	-147	
0	0	-147	
0	0	-147	
0	0	-147	
0	0	-147	
0	0	-147	
0	0	-147	
0	0	-147	
0	0	-147	
0	0	-147	
0	0	-147	
0	0	-147	
0	0	-147	
0	0	-147	
0	0	-147	
0	0	-147	
0	0	-147	
0	0	-147	
0	0	-147	
0	0	-147	
0	0	-147	
0	0	-147	
0	0	-147	
0	0	-147	
0	0	-147	
0	0	-147	
0	0	-147	
0	0	-147	
0	0	-147	
0	0	-147	
0	0	-147	
0	0	-147	
0	0	-147	
0	0	-147	
0	0	-147	
0	0	-147	
0	0	-147	
0	0	-147	
0	0	-147	
0	0	-147	
0	0	-147	
0	0	-147	
0	0	-147	
0	0	-147	
0	0	-147	
0	0	-147	
0	0	-147	
0	0	-147	
0	0	-147	
0	0	-147	
0	0	-147	
0	0	-147	
0	0	-147	
0	0	-147	
0	0	-147	
0	0	-147	
0	0	-147	
0	0	-147	
0	0	-147	
0	0	-147	
0	0	-147	
0	0	-147	
0	0	-147	
0	0	-147	
0	0	-147	
0	0	-147	
0	0	-147	
0	0	-147	
0	0	-147	
0	0	-147	
0	0	-147	
0	0	-147	
0	0	-147	
0	0	-147	
0	0	-147	
0	0	-147	
0	0	-147	
0	0	-147	
0	0	-147	
0	0	-147	
0	0	-147	
0	0	-147	
0	0	-147	
0	0	-147	
0	0	-147	
0	0	-147	
0	0	-147	
0	0	-147	
0	0	-147	
0	0	-147	
0	0	-147	
0	0	-147	
0	0	-147	
0	0	-147	
0	0	-147	
0	0	-147	
0	0	-147	
0	0	-147	
0	0	-147	
0	0	-147	
0	0	-147	
0	0	-147	
0	0	-147	
0	0	-147	
0	0	-147	
0	0	-147	
0	0	-147	
0	0	-147	
0	0	-147	
0	0	-147	
0	0	-147	
0	0	-147	
0	0	-147	
0	0	-147	
0	0	-147	
0	0	-147	
0	0	-147	
0	0	-147	
0	0	-147	
0	0	-147	
0	0	-147	
0	0	-147	
0	0	-147	
0	0	-147	
0	0	-147	
0	0	-147	
0	0	-147	
0	0	-147	
0	0	-147	
0	0	-147	
0	0	-147	
0	0	-147	
0	0	-147	
0	0	-147	
0	0	-147	
0	0	-147	
0	0	-147	
0	0	-147	
0	0	-147	
0	0	-147	
0	0	-147	
0	0	-147	
0	0	-147	
0	0	-147	
0	0	-147	
0	0	-147	
0	0	-147	
0	0	-147	
0	0	-147	
0	0	-147	
0	0	-147	
0	0	-147	
0	0	-147	
0	0	-147	
0	0	-147	
0	0	-147	
0	0	-147	
0	0	-147	
0	0	-147	
0	0	-147	
0	0	-147	
0	0	-147	
0	0	-147	
0	0	-147	
0	0	-147	
0	0	-147	
0	0	-147	
0	0	-147	
0	0	-147	
0	0	-147	
0	0	-147	
0	0	-147	
0	0	-147	
0	0	-147	
0	0	-147	
0	0	-147	
0	0	-147	
0	0	-147	
0	0	-147	
0	0	-147	
0	0	-147	
0	0	-147	
0	0	-147	
0	0	-147	
0	0	-147	
0	0	-147	
0	0	-147	
0	0	-147	
0	0	-147	
0	0	-147	
0	0	-147	
0	0	-147	
0	0	-147	
0	0	-147	
0	0	-147	
0	0	-147	
0	0	-147	
0	0	-147	
0	0	-147	
0	0	-147	
0	0	-147	
0	0	-147	
0	0	-147	
0	0	-147	
0	0	-147	
0	0	-147	
0	0	-147	
0	0	-147	
0	0	-147	
0	0	-147	
0	0	-147	
0	0	-147	
0	0	-147	
0	0	-147	
0	0	-147	
0	0	-147	
0	0	-147	
0	0	-147	
0	0	-147	
0	0	-147	
0	0	-147	
0	0	-147	
0	0	-147	
0	0	-147	
0	0	-147	
0	0	-147	
0	0	-147	
0	0	-147	
0	0	-147	
0	0	-147	
0	0	-147	
0	0	-147	
0	0	-147	
0	0	-147	
0	0	-147	
0	0	-147	
0	0	-147	
0	0	-147	
0	0	-147	
0	0	-147	
0	0	-147	
0	0	-147	
0	0	-147	
0	0	-147	
0	0	-147	
0	0	-147	
0	0	-147	
0	0	-147	
0	0	-147	
0	0	-147	
0	0	-147	
0	0	-147	
0	0	-147	
0	0	-147	
0	0	-147	
0	0	-147	
0	0	-147	
0	0	-147	
0	0	-147	
0	0	-147	
0	0	-147	
0	0	-147	
0	0	-147	
0	0	-147	
0	0	-147	
0	0	-147	
0	0	-147	
0	0	-147	
0	0	-147	
0	0	-147	
0	0	-147	
0	0	-147	
0	0	-147	
0	0	-147	
0	0	-147	
0	0	-147	
0	0	-147	
0	0	-147	
0	0	-147	
0	0	-147	
0	0	-147	
0	0	-147	
0	0	-147	
0	0	-147	
0	0	-147	
0	0	-147	
0	0	-147	
0	0	-147	
0	0	-147	
0	0	-147	
0	0	-147	
0	0	-147	
0	0	-147	
0	0	-147	
0	0	-147	
0	0	-147	
0	0	-147	
0	0	-147	
0	0	-147	
0	0	-147	
0	0	-147	
0	0	-147	
0	0	-147	
0	0	-147	
0	0	-147	
0	0	-147	
0	0	-147	
0	0	-147	
0	0	-147	
0	0	-147	
0	0	-147	
0	0	-147	
0	0	-147	
0	0	-147	
0	0	-147	
0	0	-147	
0	0	-147	
0	0	-147	
0	0	-147	
0	0	-147	
0	0	-147	
0	0	-147	
0	0	-147	
0	0	-147	
0	0	-147	
0	0	-147	
0	0	-147	
0	0	-147	
0	0	-147	
0	0	-147	
0	0	-147	
0	0	-147	
0	0	-147	
0	0	-147	
0	0	-147	
0	0	-147	
0	0	-147	
0	0	-147	
0	0	-147	
0	0	-147	
0	0	-147	
0	0	-147	
0	0	-147	
0	0	-147	
0	0	-147	
0	0	-147	
0	0	-147	
0	0	-147	
0	0	-147	
0	0	-147	
0	0	-147	
0	0	-147	
0	0	-147	
0	0	-147	
0	0	-147	
0	0	-147	
0	0	-147	
0	0	-147	
0	0	-147	
0	0	-147	
0	0	-147	
0	0	-147	
0	0	-147	
0	0	-147	
0	0	-147	
0	0	-147	
0	0	-147	
0	0	-147	
0	0	-147	
0	0	-147	
0	0	-147	
0	0	-147	
0	0	-147	
0	0	-147	
0	0	-147	
0	0	-147	
0	0	-147	
0	0	-147	
0	0	-147	
0	0	-147	
0	0	-147	
0	0	-6.76698	
0	0	-6.72259	
0	0	-6.67497	
0	0	-6.62442	
0	0	-6.57112	
0	0	-6.5152	
0	0	-6.45678	
0	0	-6.39593	
0	0	-6.33274	
0	0	-6.26731	
0	0	-6.19974	
0	0	-6.13012	
0	0	-6.05856	
0	0	-5.98515	
0	0	-5.91002	
0	0	-5.83327	
0	0	-5.75502	
0	0	-5.67539	
0	0	-5.59449	
0	0	-5.51241	
0	0	-5.42922	
0	0	-5.34501	
0	0	-5.25968	
0	0	-5.17443	
0	0	-5.08868	
0	0	-5.00257	
0	0	-4.91622	
0	0	-4.82973	
0	0	-4.74329	
0	0	-4.65706	
0	0	-4.57147	
0	0	-2.91983	
0	0	-2.98281	
0	0	-3.04736	
0	0	-3.1135	
0	0	-3.18126	
0	0	-147	
0	0	-147	
0	0	-147	
0	0	-147	
0	0	-147	
0	0	-147	
0	0	-147	
0	0	-147	
0	0	-147	
0	0	-147	
0	0	-147	
0	0	-147	
0	0	-147	
0	0	-147	
0	0	-147	
0	0	-147	
0	0	-147	
0	0	-147	
0	0	-147	
0	0	-147	
0	0	-147	
0	0	-147	
0	0	-147	
0	0	-147	
0	0	-147	
0	0	-147	
0	0	-147	
0	0	-147	
0	0	-147	
0	0	-147	
0	0	-147	
0	0	-147	
0	0	-147	
0	0	-147	
0	0	-147	
0	0	-147	
0	0	-147	
0	0	-147	
0	0	-147	
0	0	-147	
0	0	-147	
0	0	-147	
0	0	-147	
0	0	-147	
0	0	-147	
0	0	-147	
0	0	-147	
0	0	-147	
0	0	-147	
0	0	-147	
0	0	-147	
0	0	-147	
0	0	-147	
0	0	-147	
0	0	-147	
0	0	-147	
0	0	-147	
0	0	-147	
0	0	-147	
0	0	-147	
0	0	-147	
0	0	-147	
0	0	-147	
0	0	-147	
0	0	-147	
0	0	-147	
0	0	-147	
0	0	-147	
0	0	-147	
0	0	-147	
0	0	-147	
0	0	-147	
0	0	-147	
0	0	-147	
0	0	-147	
0	0	-147	
0	0	-147	
0	0	-147	
0	0	-147	
0	0	-147	
0	0	-147	
0	0	-147	
0	0	-147	
0	0	-147	
0	0	-147	
0	0	-147	
0	0	-147	
0	0	-147	
0	0	-147	
0	0	-147	
0	0	-147	
0	0	-147	
0	0	-147	
0	0	-147	
0	0	-147	
0	0	-147	
0	0	-147	
0	0	-147	
0	0	-147	
0	0	-147	
0	0	-147	
0	0	-147	
0	0	-147	
0	0	-147	
0	0	-147	
0	0	-147	
0	0	-147	
0	0	-147	
0	0	-147	
0	0	-147	
0	0	-147	
0	0	-147	
0	0	-147	
0	0	-147	
0	0	-147	
0	0	-147	
0	0	-147	
0	0	-147	
0	0	-147	
0	0	-147	
0	0	-147	
0	0	-147	
0	0	-147	
0	0	-147	
0	0	-147	
0	0	-147	
0	0	-147	
0	0	-147	
0	0	-147	
0	0	-147	
0	0	-147	
0	0	-147	
0	0	-147	
0	0	-147	
0	0	-147	
0	0	-147	
0	0	-147	
0	0	-147	
0	0	-147	
0	0	-147	
0	0	-147	
0	0	-147	
0	0	-147	
0	0	-147	
0	0	-147	
0	0	-147	
0	0	-147	
0	0	-147	
0	0	-147	
0	0	-147	
0	0	-147	
0	0	-147	
0	0	-147	
0	0	-147	
0	0	-147	
0	0	-147	
0	0	-147	
0	0	-147	
0	0	-147	
0	0	-147	
0	0	-147	
0	0	-147	
0	0	-147	
0	0	-147	
0	0	-147	
0	0	-147	
0	0	-147	
0	0	-147	
0	0	-147	
0	0	-147	
0	0	-147	
0	0	-147	
0	0	-147	
0	0	-147	
0	0	-147	
0	0	-147	
0	0	-147	
0	0	-147	
0	0	-147	
0	0	-147	
0	0	-147	
0	0	-147	
0	0	-147	
0	0	-147	
0	0	-147	
0	0	-147	
0	0	-147	
0	0	-147	
0	0	-147	
0	0	-147	
0	0	-147	
0	0	-147	
0	0	-147	
0	0	-147	
0	0	-147	
0	0	-147	
0	0	-147	
0	0	-147	
0	0	-147	
0	0	-147	
0	0	-147	
0	0	-147	
0	0	-147	
0	0	-147	
0	0	-147	
0	0	-147	
0	0	-147	
0	0	-147	
0	0	-147	
0	0	-147	
0	0	-147	
0	0	-147	
0	0	-5.14983	
0	0	-5.07685	
0	0	-5.00313	
0	0	-4.92881	
0	0	-4.85396	
0	0	-4.77909	
0	0	-4.70387	
0	0	-4.62852	
0	0	-4.55322	
0	0	-4.47862	
0	0	-4.40411	
0	0	-4.32982	
0	0	-4.25575	
0	0	-4.18187	
0	0	-4.10763	
0	0	-4.0346	
0	0	-3.96232	
0	0	-3.89085	
0	0	-3.8202	
0	0	-3.75038	
0	0	-3.68144	
0	0	-3.6134	
0	0	-3.54631	
0	0	-3.4802	
0	0	-3.41511	
0	0	-3.35105	
0	0	-3.28809	
0	0	-3.22625	
0	0	-3.16555	
0	0	-3.106	
0	0	-3.04764	
0	0	-147	
0	0	-147	
0	0	-147	
0	0	-147	
0	0	-147	
0	0	-147	
0	0	-147	
0	0	-147	
0	0	-147	
0	0	-147	
0	0	-147	
0	0	-147	
0	0	-147	
0	0	-147	
0	0	-147	
0	0	-147	
0	0	-147	
0	0	-147	
0	0	-147	
0	0	-147	
0	0	-147	
0	0	-147	
0	0	-147	
0	0	-147	
0	0	-147	
0	0	-147	
0	0	-147	
0	0	-147	
0	0	-147	
0	0	-147	
0	0	-147	
0	0	-6.94786	
0	0	-6.91614	
0	0	-6.88308	
0	0	-6.84867	
0	0	-6.81291	
0	0	-6.7758	
0	0	-6.73736	
0	0	-6.69758	
0	0	-6.65648	
0	0	-6.61409	
0	0	-6.57041	
0	0	-6.52548	
0	0	-6.4793	
0	0	-6.43192	
0	0	-6.38335	
0	0	-6.33363	
0	0	-6.2828	
0	0	-6.23088	
0	0	-6.17791	
0	0	-6.12393	
0	0	-6.06898	
0	0	-6.0131	
0	0	-5.95633	
0	0	-5.89872	
0	0	-5.84021	
0	0	-5.78075	
0	0	-5.7203	
0	0	-5.65864	
0	0	-5.59771	
0	0	-5.53619	
0	0	-5.47445	
0	0	-0.580994	
0	0	-0.579322	
0	0	-0.5777	
0	0	-0.576157	
0	0	-0.574669	
0	0	-0.573234	
0	0	-0.571853	
0	0	-0.570527	
0	0	-0.569254	
0	0	-0.568034	
0	0	-0.566867	
0	0	-0.565752	
0	0	-0.564689	
0	0	-0.563676	
0	0	-0.562714	
0	0	-0.561803	
0	0	-0.560941	
0	0	-0.56013	
0	0	-0.559368	
0	0	-0.558655	
0	0	-0.557991	
0	0	-0.557376	
0	0	-0.55681	
0	0	-0.556293	
0	0	-0.555824	
0	0	-0.555404	
0	0	-0.555031	
0	0	-0.554707	
0	0	-0.554432	
0	0	-0.554204	
0	0	-0.554024	
0	0	-2.90505	
0	0	-2.952	
0	0	-2.99991	
0	0	-3.04881	
0	0	-3.09872	
0	0	-3.14966	
0	0	-3.2017	
0	0	-3.25482	
0	0	-3.30909	
0	0	-3.36448	
0	0	-3.42101	
0	0	-3.4787	
0	0	-3.53763	
0	0	-3.59781	
0	0	-3.61386	
0	0	-3.62628	
0	0	-3.63712	
0	0	-3.64695	
0	0	-3.65617	
0	0	-3.66506	
0	0	-3.67331	
0	0	-3.68053	
0	0	-3.68741	
0	0	-3.69395	
0	0	-3.70016	
0	0	-3.70603	
0	0	-3.71156	
0	0	-3.71722	
0	0	-3.72268	
0	0	-3.72772	
0	0	-3.73205	
0	0	-147	
0	0	-147	
0	0	-147	
0	0	-147	
0	0	-147	
0	0	-147	
0	0	-147	
0	0	-147	
0	0	-147	
0	0	-147	
0	0	-147	
0	0	-147	
0	0	-147	
0	0	-147	
0	0	-147	
0	0	-147	
0	0	-147	
0	0	-147	
0	0	-147	
0	0	-147	
0	0	-147	
0	0	-147	
0	0	-147	
0	0	-147	
0	0	-147	
0	0	-147	
0	0	-147	
0	0	-147	
0	0	-147	
0	0	-147	
0	0	-147	
0	0	-147	
0	0	-147	
0	0	-147	
0	0	-147	
0	0	-147	
0	0	-147	
0	0	-147	
0	0	-147	
0	0	-147	
0	0	-147	
0	0	-147	
0	0	-147	
0	0	-147	
0	0	-147	
0	0	-147	
0	0	-147	
0	0	-147	
0	0	-147	
0	0	-147	
0	0	-147	
0	0	-147	
0	0	-147	
0	0	-147	
0	0	-147	
0	0	-147	
0	0	-147	
0	0	-147	
0	0	-147	
0	0	-147	
0	0	-147	
0	0	-147	
0	0	-147	
0	0	-147	
0	0	-147	
0	0	-147	
0	0	-147	
0	0	-147	
0	0	-147	
0	0	-147	
0	0	-147	
0	0	-147	
0	0	-147	
0	0	-147	
0	0	-147	
0	0	-147	
0	0	-147	
0	0	-147	
0	0	-147	
0	0	-147	
0	0	-147	
0	0	-147	
0	0	-147	
0	0	-147	
0	0	-147	
0	0	-147	
0	0	-147	
0	0	-147	
0	0	-147	
0	0	-147	
0	0	-147	
0	0	-147	
0	0	-147	
0	0	-147	
0	0	-147	
0	0	-147	
0	0	-147	
0	0	-147	
0	0	-147	
0	0	-147	
0	0	-147	
0	0	-147	
0	0	-147	
0	0	-147	
0	0	-147	
0	0	-147	
0	0	-147	
0	0	-147	
0	0	-147	
0	0	-147	
0	0	-147	
0	0	-147	
0	0	-147	
0	0	-147	
0	0	-147	
0	0	-147	
0	0	-147	
0	0	-147	
0	0	-147	
0	0	-147	
0	0	-147	
0	0	-147	
0	0	-147	
0	0	-147	
0	0	-147	
0	0	-147	
0	0	-147	
0	0	-147	
0	0	-147	
0	0	-147	
0	0	-147	
0	0	-147	
0	0	-147	
0	0	-147	
0	0	-147	
0	0	-147	
0	0	-147	
0	0	-147	
0	0	-147	
0	0	-147	
0	0	-147	
0	0	-147	
0	0	-147	
0	0	-147	
0	0	-147	
0	0	-147	
0	0	-147	
0	0	-147	
0	0	-147	
0	0	-147	
0	0	-147	
0	0	-147	
0	0	-147	
0	0	-147	
0	0	-147	
0	0	-147	
0	0	-147	
0	0	-147	
0	0	-147	
0	0	-147	
0	0	-147	
0	0	-147	
0	0	-147	
0	0	-147	
0	0	-147	
0	0	-147	
0	0	-147	
0	0	-147	
0	0	-147	
0	0	-147	
0	0	-147	
0	0	-147	
0	0	-147	
0	0	-147	
0	0	-147	
0	0	-147	
0	0	-147	
0	0	-147	
0	0	-147	
0	0	-147	
0	0	-147	
0	0	-147	
0	0	-147	
0	0	-147	
0	0	-147	
0	0	-147	
0	0	-147	
0	0	-147	
0	0	-147	
0	0	-147	
0	0	-147	
0	0	-147	
0	0	-147	
0	0	-147	
0	0	-147	
0	0	-147	
0	0	-147	
0	0	-147	
0	0	-147	
0	0	-147	
0	0	-147	
0	0	-147	
0	0	-147	
0	0	-147	
0	0	-147	
0	0	-147	
0	0	-147	
0	0	-147	
0	0	-147	
0	0	-147	
0	0	-147	
0	0	-147	
0	0	-147	
0	0	-147	
0	0	-147	
0	0	-147	
0	0	-147	
0	0	-147	
0	0	-147	
0	0	-147	
0	0	-147	
0	0	-147	
0	0	-147	
0	0	-147	
0	0	-147	
0	0	-147	
0	0	-147	
0	0	-147	
0	0	-147	
0	0	-147	
0	0	-147	
0	0	-147	
0	0	-147	
0	0	-147	
0	0	-147	
0	0	-147	
0	0	-147	
0	0	-147	
0	0	-147	
0	0	-147	
0	0	-147	
0	0	-147	
0	0	-147	
0	0	-147	
0	0	-147	
0	0	-147	
0	0	-147	
0	0	-147	
0	0	-147	
0	0	-147	
0	0	-147	
0	0	-147	
0	0	-147	
0	0	-147	
0	0	-147	
0	0	-147	
0	0	-147	
0	0	-147	
0	0	-147	
0	0	-147	
0	0	-147	
0	0	-147	
0	0	-147	
0	0	-147	
0	0	-147	
0	0	-147	
0	0	-147	
0	0	-147	
0	0	-147	
0	0	-147	
0	0	-147	
0	0	-147	
0	0	-147	
0	0	-147	
0	0	-147	
0	0	-147	
0	0	-147	
0	0	-147	
0	0	-147	
0	0	-147	
0	0	-147	
0	0	-147	
0	0	-147	
0	0	-147	
0	0	-147	
0	0	-147	
0	0	-147	
0	0	-147	
0	0	-147	
0	0	-147	
0	0	-147	
0	0	-147	
0	0	-147	
0	0	-147	
0	0	-147	
0	0	-147	
0	0	-147	
0	0	-147	
0	0	-147	
0	0	-147	
0	0	-147	
0	0	-147	
0	0	-147	
0	0	-147	
0	0	-147	
0	0	-147	
0	0	-147	
0	0	-147	
0	0	-147	
0	0	-147	
0	0	-147	
0	0	-147	
0	0	-147	
0	0	-147	
0	0	-147	
0	0	-147	
0	0	-147	
0	0	-147	
0	0	-147	
0	0	-147	
0	0	-147	
0	0	-147	
0	0	-147	
0	0	-147	
0	0	-147	
0	0	-147	
0	0	-147	
0	0	-147	
0	0	-147	
0	0	-147	
0	0	-147	
0	0	-147	
0	0	-147	
0	0	-147	
0	0	-147	
0	0	-147	
0	0	-147	
0	0	-147	
0	0	-147	
0	0	-147	
0	0	-147	
0	0	-147	
0	0	-147	
0	0	-147	
0	0	-147	
0	0	-147	
0	0	-147	
0	0	-147	
0	0	-147	
0	0	-147	
0	0	-147	
0	0	-147	
0	0	-147	
0	0	-147	
0	0	-147	
0	0	-147	
0	0	-147	
0	0	-147	
0	0	-147	
0	0	-147	
0	0	-147	
0	0	-147	
0	0	-147	
0	0	-147	
0	0	-147	
0	0	-147	
0	0	-147	
0	0	-147	
0	0	-147	
0	0	-147	
0	0	-147	
0	0	-147	
0	0	-147	
0	0	-147	
0	0	-147	
0	0	-147	
0	0	-147	
0	0	-147	
0	0	-147	
0	0	-147	
0	0	-147	
0	0	-147	
0	0	-147	
0	0	-147	
0	0	-147	
0	0	-147	
0	0	-147	
0	0	-147	
0	0	-147	
0	0	-147	
0	0	-147	
0	0	-147	
0	0	-147	
0	0	-147	
0	0	-147	
0	0	-147	
0	0	-147	
0	0	-147	
0	0	-147	
0	0	-147	
0	0	-147	
0	0	-147	
0	0	-147	
0	0	-147	
0	0	-147	
0	0	-147	
0	0	-147	
0	0	-147	
0	0	-147	
0	0	-147	
0	0	-147	
0	0	-147	
0	0	-147	
0	0	-147	
0	0	-147	
0	0	-147	
0	0	-147	
0	0	-147	
0	0	-147	
0	0	-147	
0	0	-147	
0	0	-147	
0	0	-147	
0	0	-147	
0	0	-147	
0	0	-147	
0	0	-147	
0	0	-147	
0	0	-147	
0	0	-147	
0	0	-147	
0	0	-147	
0	0	-147	
0	0	-147	
0	0	-147	
0	0	-147	
0	0	-147	
0	0	-147	
0	0	-147	
0	0	-147	
0	0	-147	
0	0	-147	
0	0	-147	
0	0	-147	
0	0	-147	
0	0	-147	
0	0	-147	
0	0	-147	
0	0	-147	
0	0	-147	
0	0	-147	
0	0	-147	
0	0	-147	
0	0	-147	
0	0	-147	
0	0	-147	
0	0	-147	
0	0	-147	
0	0	-147	
0	0	-147	
0	0	-147	
0	0	-147	
0	0	-147	
0	0	-147	
0	0	-147	
0	0	-147	
0	0	-147	
0	0	-147	
0	0	-147	
0	0	-147	
0	0	-147	
0	0	-147	
0	0	-147	
0	0	-147	
0	0	-147	
0	0	-147	
0	0	-147	
0	0	-147	
0	0	-147	
0	0	-147	
0	0	-147	
0	0	-147	
0	0	-147	
0	0	-147	
0	0	-147	
0	0	-147	
0	0	-147	
0	0	-147	
0	0	-147	
0	0	-147	
0	0	-147	
0	0	-147	
0	0	-147	
0	0	-147	
0	0	-147	
0	0	-147	
0	0	-147	
0	0	-147	
0	0	-147	
0	0	-147	
0	0	-147	
0	0	-147	
0	0	-147	
0	0	-147	
0	0	-147	
0	0	-147	
0	0	-147	
0	0	-147	
0	0	-147	
0	0	-147	
0	0	-147	
0	0	-147	
0	0	-147	
0	0	-147	
0	0	-147	
0	0	-147	
0	0	-147	
0	0	-147	
0	0	-147	
0	0	-147	
0	0	-147	
0	0	-147	
0	0	-147	
0	0	-147	
0	0	-147	
0	0	-147	
0	0	-147	
0	0	-147	
0	0	-147	
0	0	-147	
0	0	-147	
0	0	-147	
0	0	-147	
0	0	-147	
0	0	-147	
0	0	-147	
0	0	-147	
0	0	-147	
0	0	-147	
0	0	-147	
0	0	-147	
0	0	-147	
0	0	-147	
0	0	-147	
0	0	-147	
0	0	-147	
0	0	-147	
0	0	-147	
0	0	-147	
0	0	-147	
0	0	-147	
0	0	-147	
0	0	-147	
0	0	-147	
0	0	-147	
0	0	-147	
0	0	-147	
0	0	-147	
0	0	-147	
0	0	-147	
0	0	-147	
0	0	-147	
0	0	-147	
0	0	-147	
0	0	-147	
0	0	-147	
0	0	-147	
0	0	-147	
0	0	-147	
0	0	-147	
0	0	-147	
0	0	-147	
0	0	-147	
0	0	-147	
0	0	-147	
0	0	-147	
0	0	-147	
0	0	-147	
0	0	-147	
0	0	-147	
0	0	-147	
0	0	-147	
0	0	-147	
0	0	-147	
0	0	-147	
0	0	-147	
0	0	-147	
0	0	-147	
0	0	-147	
0	0	-147	
0	0	-147	
0	0	-147	
0	0	-147	
0	0	-147	
0	0	-147	
0	0	-147	
0	0	-147	
0	0	-147	
0	0	-147	
0	0	-147	
0	0	-147	
0	0	-147	
0	0	-147	
0	0	-147	
0	0	-147	
0	0	-147	
0	0	-147	
0	0	-147	
0	0	-147	
0	0	-147	
0	0	-147	
0	0	-147	
0	0	-147	
0	0	-147	
0	0	-147	
0	0	-147	
0	0	-147	
0	0	-147	
0	0	-147	
0	0	-147	
0	0	-147	
0	0	-147	
0	0	-147	
0	0	-147	
0	0	-147	
0	0	-147	
0	0	-147	
0	0	-147	
0	0	-147	
0	0	-147	
0	0	-147	
0	0	-147	
0	0	-147	
0	0	-147	
0	0	-147	
0	0	-147	
0	0	-147	
0	0	-147	
0	0	-147	
0	0	-147	
0	0	-147	
0	0	-147	
0	0	-147	
0	0	-147	
0	0	-147	
0	0	-147	
0	0	-147	
0	0	-147	
0	0	-147	
0	0	-147	
0	0	-147	
0	0	-147	
0	0	-147	
0	0	-147	
0	0	-147	
0	0	-147	
0	0	-147	
0	0	-147	
0	0	-147	
0	0	-147	
0	0	-147	
0	0	-147	
0	0	-147	
0	0	-147	
0	0	-147	
0	0	-147	
0	0	-147	
0	0	-147	
0	0	-147	
0	0	-147	
0	0	-147	
0	0	-147	
0	0	-147	
0	0	-147	
0	0	-147	
0	0	-147	
0	0	-147	
0	0	-147	
0	0	-147	
0	0	-147	
0	0	-147	
0	0	-147	
0	0	-147	
0	0	-147	
0	0	-147	
0	0	-147	
0	0	-147	
0	0	-147	
0	0	-147	
0	0	-147	
0	0	-147	
0	0	-147	
0	0	-147	
0	0	-147	
0	0	-147	
0	0	-147	
0	0	-147	
0	0	-147	
0	0	-147	
0	0	-147	
0	0	-147	
0	0	-147	
0	0	-147	
0	0	-147	
0	0	-147	
0	0	-147	
0	0	-147	
0	0	-147	
0	0	-147	
0	0	-147	
0	0	-147	
0	0	-147	
0	0	-147	
0	0	-147	
0	0	-147	
0	0	-147	
0	0	-147	
0	0	-147	
0	0	-147	
0	0	-147	
0	0	-147	
0	0	-147	
0	0	-147	
0	0	-147	
0	0	-147	
0	0	-147	
0	0	-147	
0	0	-147	
0	0	-147	
0	0	-147	
0	0	-147	
0	0	-147	
0	0	-147	
0	0	-147	
0	0	-147	
0	0	-147	
0	0	-147	
0	0	-147	
0	0	-147	
0	0	-147	
0	0	-147	
0	0	-147	
0	0	-147	
0	0	-147	
0	0	-147	
0	0	-147	
0	0	-147	
0	0	-147	
0	0	-147	
0	0	-147	
0	0	-147	
0	0	-147	
0	0	-147	
0	0	-147	
0	0	-147	
0	0	-147	
0	0	-147	
0	0	-147	
0	0	-147	
0	0	-147	
0	0	-147	
0	0	-147	
0	0	-147	
0	0	-147	
0	0	-147	
0	0	-147	
0	0	-147	
0	0	-147	
0	0	-147	
0	0	-147	
0	0	-147	
0	0	-147	
0	0	-147	
0	0	-147	
0	0	-147	
0	0	-147	
0	0	-147	
0	0	-147	
0	0	-147	
0	0	-147	
0	0	-147	
0	0	-147	
0	0	-147	
0	0	-147	
0	0	-147	
0	0	-147	
0	0	-147	
0	0	-147	
0	0	-147	
0	0	-147	
0	0	-147	
0	0	-147	
0	0	-147	
0	0	-147	
0	0	-147	
0	0	-147	
0	0	-147	
0	0	-147	
0	0	-147	
0	0	-147	
0	0	-147	
0	0	-147	
0	0	-147	
0	0	-147	
0	0	-147	
0	0	-147	
0	0	-147	
0	0	-147	
0	0	-147	
0	0	-147	
0	0	-147	
0	0	-147	
0	0	-147	
0	0	-147	
0	0	-147	
0	0	-147	
0	0	-147	
0	0	-147	
0	0	-147	
0	0	-147	
0	0	-147	
0	0	-147	
0	0	-147	
0	0	-147	
0	0	-147	
0	0	-147	
0	0	-147	
0	0	-147	
0	0	-147	
0	0	-147	
0	0	-147	
0	0	-147	
0	0	-147	
0	0	-147	
0	0	-147	
0	0	-147	
0	0	-147	
0	0	-7.33424	
0	0	-7.33414	
0	0	-7.33404	
0	0	-7.33363	
0	0	-7.33262	
0	0	-7.32803	
0	0	-7.32826	
0	0	-7.32848	
0	0	-7.32871	
0	0	-7.32893	
0	0	-7.32915	
0	0	-7.32936	
0	0	-7.32958	
0	0	-7.32979	
0	0	-7.33	
0	0	-7.33021	
0	0	-7.33042	
0	0	-7.33062	
0	0	-7.33082	
0	0	-7.33102	
0	0	-7.33122	
0	0	-7.33142	
0	0	-7.33161	
0	0	-7.33291	
0	0	-7.3318	
0	0	-7.33246	
0	0	-7.33266	
0	0	-7.33285	
0	0	-7.33303	
0	0	-7.33322	
0	0	-7.33341	
0	0	-1.04877	
0	0	-1.03802	
0	0	-1.02745	
0	0	-1.01721	
0	0	-1.00722	
0	0	-0.997451	
0	0	-0.987909	
0	0	-0.978585	
0	0	-0.969474	
0	0	-0.960571	
0	0	-0.951871	
0	0	-0.943371	
0	0	-0.935067	
0	0	-0.926956	
0	0	-0.919033	
0	0	-0.9113	
0	0	-0.903719	
0	0	-0.896321	
0	0	-0.889084	
0	0	-0.88201	
0	0	-0.875117	
0	0	-0.868383	
0	0	-0.861813	
0	0	-0.855412	
0	0	-0.849189	
0	0	-0.843114	
0	0	-0.837119	
0	0	-0.831287	
0	0	-0.825598	
0	0	-0.820043	
0	0	-0.814615	
0	0	-1.64227	
0	0	-1.66298	
0	0	-1.68409	
0	0	-1.7056	
0	0	-1.72749	
0	0	-1.74975	
0	0	-1.77262	
0	0	-1.79595	
0	0	-1.81975	
0	0	-1.84403	
0	0	-1.8688	
0	0	-1.89407	
0	0	-1.91987	
0	0	-1.94623	
0	0	-1.97319	
0	0	-2.00056	
0	0	-2.0285	
0	0	-2.05696	
0	0	-2.0859	
0	0	-2.11564	
0	0	-2.146	
0	0	-2.177	
0	0	-2.20865	
0	0	-2.24098	
0	0	-2.27398	
0	0	-2.30772	
0	0	-2.34223	
0	0	-2.37758	
0	0	-2.41347	
0	0	-2.45014	
0	0	-2.4876	
0	0	-147	
0	0	-147	
0	0	-147	
0	0	-147	
0	0	-147	
0	0	-147	
0	0	-147	
0	0	-147	
0	0	-147	
0	0	-147	
0	0	-147	
0	0	-147	
0	0	-147	
0	0	-147	
0	0	-147	
0	0	-147	
0	0	-147	
0	0	-147	
0	0	-147	
0	0	-147	
0	0	-147	
0	0	-147	
0	0	-147	
0	0	-147	
0	0	-147	
0	0	-147	
0	0	-147	
0	0	-147	
0	0	-147	
0	0	-147	
0	0	-147	
0	0	-147	
0	0	-147	
0	0	-147	
0	0	-147	
0	0	-147	
0	0	-147	
0	0	-147	
0	0	-147	
0	0	-147	
0	0	-147	
0	0	-147	
0	0	-147	
0	0	-147	
0	0	-147	
0	0	-147	
0	0	-147	
0	0	-147	
0	0	-147	
0	0	-147	
0	0	-147	
0	0	-147	
0	0	-147	
0	0	-147	
0	0	-147	
0	0	-147	
0	0	-147	
0	0	-147	
0	0	-147	
0	0	-147	
0	0	-147	
0	0	-147	
0	0	-147	
0	0	-147	
0	0	-147	
0	0	-147	
0	0	-147	
0	0	-147	
0	0	-147	
0	0	-147	
0	0	-147	
0	0	-147	
0	0	-147	
0	0	-147	
0	0	-147	
0	0	-147	
0	0	-147	
0	0	-147	
0	0	-147	
0	0	-147	
0	0	-147	
0	0	-147	
0	0	-147	
0	0	-147	
0	0	-147	
0	0	-147	
0	0	-147	
0	0	-147	
0	0	-147	
0	0	-147	
0	0	-147	
0	0	-147	
0	0	-147	
0	0	-147	
0	0	-147	
0	0	-147	
0	0	-147	
0	0	-147	
0	0	-147	
0	0	-147	
0	0	-147	
0	0	-147	
0	0	-147	
0	0	-147	
0	0	-147	
0	0	-147	
0	0	-147	
0	0	-147	
0	0	-147	
0	0	-147	
0	0	-147	
0	0	-147	
0	0	-147	
0	0	-147	
0	0	-147	
0	0	-147	
0	0	-147	
0	0	-147	
0	0	-147	
0	0	-147	
0	0	-147	
0	0	-147	
0	0	-147	
0	0	-147	
0	0	-147	
0	0	-147	
0	0	-147	
0	0	-147	
0	0	-147	
0	0	-147	
0	0	-147	
0	0	-147	
0	0	-147	
0	0	-147	
0	0	-147	
0	0	-147	
0	0	-147	
0	0	-147	
0	0	-147	
0	0	-147	
0	0	-147	
0	0	-147	
0	0	-147	
0	0	-147	
0	0	-147	
0	0	-147	
0	0	-147	
0	0	-147	
0	0	-147	
0	0	-147	
0	0	-147	
0	0	-147	
0	0	-147	
0	0	-147	
0	0	-147	
0	0	-147	
0	0	-147	
0	0	-147	
0	0	-147	
0	0	-147	
0	0	-147	
0	0	-147	
0	0	-147	
0	0	-147	
0	0	-147	
0	0	-147	
0	0	-147	
0	0	-147	
0	0	-147	
0	0	-147	
0	0	-147	
0	0	-147	
0	0	-147	
0	0	-147	
0	0	-147	
0	0	-147	
0	0	-147	
0	0	-147	
0	0	-147	
0	0	-147	
0	0	-147	
0	0	-147	
0	0	-147	
0	0	-147	
0	0	-147	
0	0	-147	
0	0	-147	
0	0	-147	
0	0	-147	
0	0	-147	
0	0	-147	
0	0	-147	
0	0	-147	
0	0	-147	
0	0	-147	
0	0	-147	
0	0	-147	
0	0	-147	
0	0	-147	
0	0	-147	
0	0	-147	
0	0	-147	
0	0	-147	
0	0	-147	
0	0	-147	
0	0	-147	
0	0	-147	
0	0	-147	
0	0	-147	
0	0	-147	
0	0	-147	
0	0	-147	
0	0	-147	
0	0	-147	
0	0	-147	
0	0	-147	
0	0	-147	
0	0	-147	
0	0	-147	
0	0	-147	
0	0	-147	
0	0	-147	
0	0	-147	
0	0	-147	
0	0	-147	
0	0	-147	
0	0	-147	
0	0	-147	
0	0	-147	
0	0	-147	
0	0	-147	
0	0	-147	
0	0	-147	
0	0	-147	
0	0	-147	
0	0	-147	
0	0	-147	
0	0	-147	
0	0	-147	
0	0	-147	
0	0	-147	
0	0	-147	
0	0	-147	
0	0	-147	
0	0	-147	
0	0	-147	
0	0	-147	
0	0	-147	
0	0	-147	
0	0	-147	
0	0	-147	
0	0	-147	
0	0	-147	
0	0	-147	
0	0	-147	
0	0	-147	
0	0	-147	
0	0	-147	
0	0	-147	
0	0	-147	
0	0	-147	
0	0	-147	
0	0	-147	
0	0	-147	
0	0	-147	
0	0	-147	
0	0	-147	
0	0	-147	
0	0	-147	
0	0	-147	
0	0	-147	
0	0	-147	
0	0	-147	
0	0	-147	
0	0	-147	
0	0	-147	
0	0	-147	
0	0	-147	
0	0	-147	
0	0	-147	
0	0	-147	
0	0	-147	
0	0	-147	
0	0	-147	
0	0	-147	
0	0	-147	
0	0	-147	
0	0	-147	
0	0	-147	
0	0	-147	
0	0	-147	
0	0	-147	
0	0	-147	
0	0	-147	
0	0	-147	
0	0	-147	
0	0	-147	
0	0	-147	
0	0	-147	
0	0	-147	
0	0	-147	
0	0	-147	
0	0	-147	
0	0	-147	
0	0	-147	
0	0	-147	
0	0	-147	
0	0	-147	
0	0	-147	
0	0	-147	
0	0	-147	
0	0	-147	
0	0	-147	
0	0	-147	
0	0	-147	
0	0	-147	
0	0	-147	
0	0	-147	
0	0	-147	
0	0	-147	
0	0	-147	
0	0	-147	
0	0	-147	
0	0	-147	
0	0	-147	
0	0	-147	
0	0	-147	
0	0	-147	
0	0	-147	
0	0	-147	
0	0	-147	
0	0	-147	
0	0	-147	
0	0	-147	
0	0	-147	
0	0	-147	
0	0	-147	
0	0	-147	
0	0	-147	
0	0	-147	
0	0	-147	
0	0	-147	
0	0	-147	
0	0	-147	
0	0	-147	
0	0	-147	
0	0	-147	
0	0	-147	
0	0	-147	
0	0	-147	
0	0	-147	
0	0	-147	
0	0	-147	
0	0	-147	
0	0	-147	
0	0	-147	
0	0	-147	
0	0	-147	
0	0	-147	
0	0	-147	
0	0	-147	
0	0	-147	
0	0	-147	
0	0	-147	
0	0	-147	
0	0	-147	
0	0	-147	
0	0	-147	
0	0	-147	
0	0	-147	
0	0	-147	
0	0	-147	
0	0	-147	
0	0	-147	
0	0	-147	
0	0	-147	
0	0	-147	
0	0	-147	
0	0	-147	
0	0	-147	
0	0	-147	
0	0	-147	
0	0	-147	
0	0	-147	
0	0	-147	
0	0	-147	
0	0	-147	
0	0	-147	
0	0	-147	
0	0	-147	
0	0	-147	
0	0	-147	
0	0	-147	
0	0	-147	
0	0	-147	
0	0	-147	
0	0	-147	
0	0	-147	
0	0	-147	
0	0	-147	
0	0	-147	
0	0	-147	
0	0	-147	
0	0	-147	
0	0	-147	
0	0	-147	
0	0	-147	
0	0	-147	
0	0	-147	
0	0	-147	
0	0	-147	
0	0	-147	
0	0	-147	
0	0	-147	
0	0	-147	
0	0	-147	
0	0	-147	
0	0	-147	
0	0	-147	
0	0	-147	
0	0	-147	
0	0	-147	
0	0	-147	
0	0	-147	
0	0	-147	
0	0	-147	
0	0	-147	
0	0	-147	
0	0	-147	
0	0	-147	
0	0	-147	
0	0	-147	
0	0	-147	
0	0	-147	
0	0	-147	
0	0	-147	
0	0	-147	
0	0	-147	
0	0	-147	
0	0	-147	
0	0	-147	
0	0	-147	
0	0	-147	
0	0	-147	
0	0	-147	
0	0	-147	
0	0	-147	
0	0	-147	
0	0	-147	
0	0	-147	
0	0	-147	
0	0	-147	
0	0	-147	
0	0	-147	
0	0	-147	
0	0	-147	
0	0	-147	
0	0	-147	
0	0	-147	
0	0	-147	
0	0	-147	
0	0	-147	
0	0	-147	
0	0	-147	
0	0	-147	
0	0	-7.33049	
0	0	-7.3307	
0	0	-7.3309	
0	0	-7.3311	
0	0	-7.33141	
0	0	-7.33168	
0	0	-7.33234	
0	0	-7.33226	
0	0	-7.33275	
0	0	-7.33293	
0	0	-7.33312	
0	0	-7.3333	
0	0	-7.33323	
0	0	-7.3332	
0	0	-7.33276	
0	0	-7.33121	
0	0	-7.3319	
0	0	-7.33208	
0	0	-7.33264	
0	0	-7.33246	
0	0	-7.33093	
0	0	-7.33154	
0	0	-7.33173	
0	0	-7.33192	
0	0	-7.33213	
0	0	-7.33232	
0	0	-7.33243	
0	0	-7.33217	
0	0	-7.33238	
0	0	-7.33253	
0	0	-7.33253	
0	0	-0.916567	
0	0	-0.909647	
0	0	-0.902923	
0	0	-0.89634	
0	0	-0.889909	
0	0	-0.883617	
0	0	-0.87751	
0	0	-0.871567	
0	0	-0.865813	
0	0	-0.860141	
0	0	-0.854589	
0	0	-0.849203	
0	0	-0.843959	
0	0	-0.838852	
0	0	-0.833881	
0	0	-0.829044	
0	0	-0.824342	
0	0	-0.819777	
0	0	-0.815292	
0	0	-0.810985	
0	0	-0.806801	
0	0	-0.802727	
0	0	-0.798781	
0	0	-0.794959	
0	0	-0.791323	
0	0	-0.787758	
0	0	-0.784297	
0	0	-0.780945	
0	0	-0.777705	
0	0	-0.774581	
0	0	-0.771584	
0	0	-2.66107	
0	0	-2.7049	
0	0	-2.74979	
0	0	-2.79579	
0	0	-2.84292	
0	0	-2.89122	
0	0	-2.94073	
0	0	-2.99148	
0	0	-3.0435	
0	0	-3.09687	
0	0	-3.15163	
0	0	-3.20782	
0	0	-3.26547	
0	0	-3.32464	
0	0	-3.38537	
0	0	-3.44773	
0	0	-3.51176	
0	0	-3.57754	
0	0	-3.64511	
0	0	-3.71455	
0	0	-3.78592	
0	0	-3.85929	
0	0	-3.93475	
0	0	-4.01236	
0	0	-4.09221	
0	0	-4.17444	
0	0	-4.25895	
0	0	-4.34596	
0	0	-4.43558	
0	0	-4.52793	
0	0	-4.62311	
0	0	-147	
0	0	-147	
0	0	-147	
0	0	-147	
0	0	-147	
0	0	-147	
0	0	-147	
0	0	-147	
0	0	-147	
0	0	-147	
0	0	-147	
0	0	-147	
0	0	-147	
0	0	-147	
0	0	-147	
0	0	-147	
0	0	-147	
0	0	-147	
0	0	-147	
0	0	-147	
0	0	-147	
0	0	-147	
0	0	-147	
0	0	-147	
0	0	-147	
0	0	-147	
0	0	-147	
0	0	-147	
0	0	-147	
0	0	-147	
0	0	-147	
0	0	-147	
0	0	-147	
0	0	-147	
0	0	-147	
0	0	-147	
0	0	-147	
0	0	-147	
0	0	-147	
0	0	-147	
0	0	-147	
0	0	-147	
0	0	-147	
0	0	-147	
0	0	-147	
0	0	-147	
0	0	-147	
0	0	-147	
0	0	-147	
0	0	-147	
0	0	-147	
0	0	-147	
0	0	-147	
0	0	-147	
0	0	-147	
0	0	-147	
0	0	-147	
0	0	-147	
0	0	-147	
0	0	-147	
0	0	-147	
0	0	-147	
0	0	-147	
0	0	-147	
0	0	-147	
0	0	-147	
0	0	-147	
0	0	-147	
0	0	-147	
0	0	-147	
0	0	-147	
0	0	-147	
0	0	-147	
0	0	-147	
0	0	-147	
0	0	-147	
0	0	-147	
0	0	-147	
0	0	-147	
0	0	-147	
0	0	-147	
0	0	-147	
0	0	-147	
0	0	-147	
0	0	-147	
0	0	-147	
0	0	-147	
0	0	-147	
0	0	-147	
0	0	-147	
0	0	-147	
0	0	-147	
0	0	-147	
0	0	-147	
0	0	-147	
0	0	-147	
0	0	-147	
0	0	-147	
0	0	-147	
0	0	-147	
0	0	-147	
0	0	-147	
0	0	-147	
0	0	-147	
0	0	-147	
0	0	-147	
0	0	-147	
0	0	-147	
0	0	-147	
0	0	-147	
0	0	-147	
0	0	-147	
0	0	-147	
0	0	-147	
0	0	-147	
0	0	-147	
0	0	-147	
0	0	-147	
0	0	-147	
0	0	-147	
0	0	-147	
0	0	-147	
0	0	-147	
0	0	-147	
0	0	-147	
0	0	-147	
0	0	-147	
0	0	-147	
0	0	-147	
0	0	-147	
0	0	-147	
0	0	-147	
0	0	-147	
0	0	-147	
0	0	-147	
0	0	-147	
0	0	-147	
0	0	-147	
0	0	-147	
0	0	-147	
0	0	-147	
0	0	-147	
0	0	-147	
0	0	-147	
0	0	-147	
0	0	-147	
0	0	-147	
0	0	-147	
0	0	-147	
0	0	-147	
0	0	-147	
0	0	-147	
0	0	-147	
0	0	-147	
0	0	-147	
0	0	-147	
0	0	-147	
0	0	-147	
0	0	-147	
0	0	-147	
0	0	-147	
0	0	-147	
0	0	-147	
0	0	-147	
0	0	-147	
0	0	-147	
0	0	-147	
0	0	-147	
0	0	-147	
0	0	-147	
0	0	-147	
0	0	-147	
0	0	-147	
0	0	-147	
0	0	-147	
0	0	-147	
0	0	-147	
0	0	-147	
0	0	-147	
0	0	-147	
0	0	-147	
0	0	-147	
0	0	-147	
0	0	-147	
0	0	-147	
0	0	-147	
0	0	-147	
0	0	-147	
0	0	-147	
0	0	-147	
0	0	-147	
0	0	-147	
0	0	-147	
0	0	-147	
0	0	-147	
0	0	-147	
0	0	-147	
0	0	-147	
0	0	-147	
0	0	-147	
0	0	-147	
0	0	-147	
0	0	-147	
0	0	-147	
0	0	-147	
0	0	-147	
0	0	-147	
0	0	-147	
0	0	-147	
0	0	-147	
0	0	-147	
0	0	-147	
0	0	-147	
0	0	-147	
0	0	-147	
0	0	-147	
0	0	-147	
0	0	-147	
0	0	-147	
0	0	-147	
0	0	-147	
0	0	-147	
0	0	-147	
0	0	-147	
0	0	-147	
0	0	-147	
0	0	-147	
0	0	-147	
0	0	-147	
0	0	-147	
0	0	-147	
0	0	-147	
0	0	-147	
0	0	-147	
0	0	-147	
0	0	-147	
0	0	-147	
0	0	-147	
0	0	-147	
0	0	-147	
0	0	-147	
0	0	-147	
0	0	-147	
0	0	-147	
0	0	-147	
0	0	-147	
0	0	-147	
0	0	-147	
0	0	-147	
0	0	-147	
0	0	-147	
0	0	-147	
0	0	-147	
0	0	-147	
0	0	-147	
0	0	-147	
0	0	-147	
0	0	-147	
0	0	-147	
0	0	-147	
0	0	-147	
0	0	-147	
0	0	-147	
0	0	-147	
0	0	-147	
0	0	-147	
0	0	-147	
0	0	-147	
0	0	-147	
0	0	-147	
0	0	-147	
0	0	-147	
0	0	-147	
0	0	-147	
0	0	-147	
0	0	-147	
0	0	-147	
0	0	-147	
0	0	-147	
0	0	-147	
0	0	-147	
0	0	-147	
0	0	-147	
0	0	-147	
0	0	-147	
0	0	-147	
0	0	-147	
0	0	-147	
0	0	-147	
0	0	-147	
0	0	-147	
0	0	-147	
0	0	-147	
0	0	-147	
0	0	-147	
0	0	-147	
0	0	-147	
0	0	-147	
0	0	-147	
0	0	-147	
0	0	-147	
0	0	-147	
0	0	-147	
0	0	-147	
0	0	-147	
0	0	-147	
0	0	-147	
0	0	-147	
0	0	-147	
0	0	-147	
0	0	-147	
0	0	-147	
0	0	-147	
0	0	-147	
0	0	-147	
0	0	-147	
0	0	-147	
0	0	-147	
0	0	-147	
0	0	-147	
0	0	-147	
0	0	-147	
0	0	-147	
0	0	-147	
0	0	-147	
0	0	-147	
0	0	-147	
0	0	-147	
0	0	-147	
0	0	-147	
0	0	-147	
0	0	-147	
0	0	-147	
0	0	-147	
0	0	-147	
0	0	-147	
0	0	-147	
0	0	-147	
0	0	-147	
0	0	-147	
0	0	-147	
0	0	-147	
0	0	-147	
0	0	-147	
0	0	-147	
0	0	-147	
0	0	-147	
0	0	-147	
0	0	-147	
0	0	-147	
0	0	-147	
0	0	-147	
0	0	-147	
0	0	-147	
0	0	-147	
0	0	-147	
0	0	-147	
0	0	-147	
0	0	-147	
0	0	-147	
0	0	-147	
0	0	-147	
0	0	-147	
0	0	-147	
0	0	-147	
0	0	-147	
0	0	-147	
0	0	-147	
0	0	-147	
0	0	-147	
0	0	-147	
0	0	-147	
0	0	-147	
0	0	-147	
0	0	-147	
0	0	-147	
0	0	-147	
0	0	-147	
0	0	-147	
0	0	-147	
0	0	-147	
0	0	-147	
0	0	-147	
0	0	-147	
0	0	-147	
0	0	-147	
0	0	-147	
0	0	-147	
0	0	-147	
0	0	-147	
0	0	-147	
0	0	-147	
0	0	-147	
0	0	-147	
0	0	-147	
0	0	-147	
0	0	-147	
0	0	-147	
0	0	-147	
0	0	-147	
0	0	-147	
0	0	-147	
0	0	-147	
0	0	-7.33388	
0	0	-7.33372	
0	0	-7.33346	
0	0	-7.33297	
0	0	-7.33187	
0	0	-7.33207	
0	0	-7.33226	
0	0	-7.33243	
0	0	-7.33241	
0	0	-7.32865	
0	0	-7.32887	
0	0	-7.32908	
0	0	-7.3294	
0	0	-7.32961	
0	0	-7.32981	
0	0	-7.33002	
0	0	-7.33023	
0	0	-7.33043	
0	0	-7.33131	
0	0	-7.33169	
0	0	-7.33188	
0	0	-7.33206	
0	0	-7.33225	
0	0	-7.33243	
0	0	-7.33261	
0	0	-7.33279	
0	0	-7.33297	
0	0	-7.33312	
0	0	-7.33328	
0	0	-7.33323	
0	0	-7.33176	
0	0	-1.00191	
0	0	-0.992925	
0	0	-0.984135	
0	0	-0.975535	
0	0	-0.96712	
0	0	-0.958893	
0	0	-0.950873	
0	0	-0.943028	
0	0	-0.935357	
0	0	-0.927856	
0	0	-0.920525	
0	0	-0.913359	
0	0	-0.906356	
0	0	-0.899513	
0	0	-0.892828	
0	0	-0.8863	
0	0	-0.879924	
0	0	-0.873677	
0	0	-0.867572	
0	0	-0.861627	
0	0	-0.855822	
0	0	-0.850154	
0	0	-0.844623	
0	0	-0.839224	
0	0	-0.833953	
0	0	-0.828803	
0	0	-0.82377	
0	0	-0.81882	
0	0	-0.814043	
0	0	-0.809392	
0	0	-0.804865	
0	0	-1.72007	
0	0	-1.7405	
0	0	-1.76128	
0	0	-1.78244	
0	0	-1.80397	
0	0	-1.82588	
0	0	-1.8482	
0	0	-1.87094	
0	0	-1.89412	
0	0	-1.91776	
0	0	-1.94192	
0	0	-1.96625	
0	0	-1.99103	
0	0	-2.01622	
0	0	-2.04177	
0	0	-2.06793	
0	0	-2.09478	
0	0	-2.12191	
0	0	-2.14953	
0	0	-2.17766	
0	0	-2.20628	
0	0	-2.23536	
0	0	-2.26457	
0	0	-2.29491	
0	0	-2.32582	
0	0	-2.35729	
0	0	-2.38934	
0	0	-2.42198	
0	0	-2.45522	
0	0	-2.48908	
0	0	-2.52356	
0	0	-147	
0	0	-147	
0	0	-147	
0	0	-147	
0	0	-147	
0	0	-147	
0	0	-147	
0	0	-147	
0	0	-147	
0	0	-147	
0	0	-147	
0	0	-147	
0	0	-147	
0	0	-147	
0	0	-147	
0	0	-147	
0	0	-147	
0	0	-147	
0	0	-147	
0	0	-147	
0	0	-147	
0	0	-147	
0	0	-147	
0	0	-147	
0	0	-147	
0	0	-147	
0	0	-147	
0	0	-147	
0	0	-147	
0	0	-147	
0	0	-147	
0	0	-7.22594	
0	0	-7.1922	
0	0	-7.15604	
0	0	-7.11721	
0	0	-7.07533	
0	0	-7.03152	
0	0	-6.99233	
0	0	-6.94971	
0	0	-6.90442	
0	0	-6.85647	
0	0	-6.8059	
0	0	-6.75273	
0	0	-6.69698	
0	0	-6.6387	
0	0	-6.57794	
0	0	-6.51475	
0	0	-6.4492	
0	0	-6.38138	
0	0	-6.31137	
0	0	-6.23927	
0	0	-6.16518	
0	0	-6.08919	
0	0	-6.01143	
0	0	-5.93201	
0	0	-5.85105	
0	0	-5.76867	
0	0	-5.685	
0	0	-5.60017	
0	0	-5.5143	
0	0	-5.42753	
0	0	-5.33999	
0	0	-2.35222	
0	0	-2.39806	
0	0	-2.44501	
0	0	-2.49309	
0	0	-2.5423	
0	0	-2.59265	
0	0	-2.64414	
0	0	-2.69679	
0	0	-2.7506	
0	0	-147	
0	0	-147	
0	0	-147	
0	0	-147	
0	0	-147	
0	0	-147	
0	0	-147	
0	0	-147	
0	0	-147	
0	0	-147	
0	0	-147	
0	0	-147	
0	0	-147	
0	0	-147	
0	0	-147	
0	0	-147	
0	0	-147	
0	0	-147	
0	0	-147	
0	0	-147	
0	0	-147	
0	0	-147	
0	0	-147	
0	0	-147	
0	0	-147	
0	0	-147	
0	0	-147	
0	0	-147	
0	0	-147	
0	0	-147	
0	0	-147	
0	0	-147	
0	0	-147	
0	0	-147	
0	0	-147	
0	0	-147	
0	0	-147	
0	0	-147	
0	0	-147	
0	0	-147	
0	0	-147	
0	0	-147	
0	0	-147	
0	0	-147	
0	0	-147	
0	0	-147	
0	0	-147	
0	0	-147	
0	0	-147	
0	0	-147	
0	0	-147	
0	0	-147	
0	0	-147	
0	0	-147	
0	0	-147	
0	0	-147	
0	0	-147	
0	0	-147	
0	0	-147	
0	0	-147	
0	0	-147	
0	0	-147	
0	0	-147	
0	0	-147	
0	0	-147	
0	0	-147	
0	0	-147	
0	0	-147	
0	0	-147	
0	0	-147	
0	0	-147	
0	0	-147	
0	0	-147	
0	0	-147	
0	0	-147	
0	0	-147	
0	0	-147	
0	0	-147	
0	0	-147	
0	0	-147	
0	0	-147	
0	0	-147	
0	0	-147	
0	0	-147	
0	0	-147	
0	0	-147	
0	0	-147	
0	0	-147	
0	0	-147	
0	0	-147	
0	0	-147	
0	0	-147	
0	0	-147	
0	0	-147	
0	0	-147	
0	0	-147	
0	0	-147	
0	0	-147	
0	0	-147	
0	0	-147	
0	0	-147	
0	0	-147	
0	0	-147	
0	0	-147	
0	0	-147	
0	0	-147	
0	0	-147	
0	0	-147	
0	0	-147	
0	0	-147	
0	0	-147	
0	0	-147	
0	0	-147	
0	0	-147	
0	0	-147	
0	0	-147	
0	0	-147	
0	0	-147	
0	0	-147	
0	0	-147	
0	0	-147	
0	0	-147	
0	0	-147	
0	0	-147	
0	0	-147	
0	0	-147	
0	0	-147	
0	0	-147	
0	0	-147	
0	0	-147	
0	0	-147	
0	0	-147	
0	0	-147	
0	0	-147	
0	0	-147	
0	0	-147	
0	0	-147	
0	0	-147	
0	0	-147	
0	0	-147	
0	0	-147	
0	0	-147	
0	0	-147	
0	0	-147	
0	0	-147	
0	0	-147	
0	0	-147	
0	0	-147	
0	0	-147	
0	0	-147	
0	0	-147	
0	0	-147	
0	0	-147	
0	0	-147	
0	0	-147	
0	0	-147	
0	0	-147	
0	0	-147	
0	0	-147	
0	0	-147	
0	0	-147	
0	0	-147	
0	0	-147	
0	0	-147	
0	0	-147	
0	0	-147	
0	0	-147	
0	0	-147	
0	0	-147	
0	0	-147	
0	0	-147	
0	0	-147	
0	0	-147	
0	0	-147	
0	0	-147	
0	0	-147	
0	0	-147	
0	0	-147	
0	0	-147	
0	0	-147	
0	0	-147	
0	0	-147	
0	0	-147	
0	0	-147	
0	0	-147	
0	0	-147	
0	0	-147	
0	0	-147	
0	0	-147	
0	0	-147	
0	0	-147	
0	0	-147	
0	0	-147	
0	0	-147	
0	0	-147	
0	0	-147	
0	0	-147	
0	0	-147	
0	0	-147	
0	0	-147	
0	0	-147	
0	0	-147	
0	0	-147	
0	0	-147	
0	0	-147	
0	0	-147	
0	0	-147	
0	0	-147	
0	0	-147	
0	0	-147	
0	0	-147	
0	0	-147	
0	0	-147	
0	0	-147	
0	0	-147	
0	0	-147	
0	0	-147	
0	0	-147	
0	0	-147	
0	0	-147	
0	0	-147	
0	0	-147	
0	0	-147	
0	0	-147	
0	0	-147	
0	0	-147	
0	0	-147	
0	0	-147	
0	0	-147	
0	0	-147	
0	0	-147	
0	0	-147	
0	0	-147	
0	0	-147	
0	0	-147	
0	0	-147	
0	0	-147	
0	0	-147	
0	0	-147	
0	0	-147	
0	0	-147	
0	0	-147	
0	0	-147	
0	0	-147	
0	0	-147	
0	0	-147	
0	0	-147	
0	0	-147	
0	0	-147	
0	0	-147	
0	0	-147	
0	0	-147	
0	0	-147	
0	0	-147	
0	0	-147	
0	0	-147	
0	0	-147	
0	0	-147	
0	0	-147	
0	0	-147	
0	0	-147	
0	0	-147	
0	0	-147	
0	0	-147	
0	0	-147	
0	0	-147	
0	0	-147	
0	0	-147	
0	0	-147	
0	0	-147	
0	0	-147	
0	0	-147	
0	0	-147	
0	0	-147	
0	0	-147	
0	0	-147	
0	0	-147	
0	0	-147	
0	0	-147	
0	0	-147	
0	0	-147	
0	0	-147	
0	0	-147	
0	0	-147	
0	0	-147	
0	0	-147	
0	0	-147	
0	0	-147	
0	0	-147	
0	0	-147	
0	0	-147	
0	0	-147	
0	0	-147	
0	0	-147	
0	0	-147	
0	0	-147	
0	0	-147	
0	0	-147	
0	0	-147	
0	0	-147	
0	0	-147	
0	0	-147	
0	0	-147	
0	0	-147	
0	0	-147	
0	0	-147	
0	0	-147	
0	0	-147	
0	0	-147	
0	0	-147	
0	0	-147	
0	0	-147	
0	0	-147	
0	0	-147	
0	0	-147	
0	0	-147	
0	0	-147	
0	0	-147	
0	0	-147	
0	0	-147	
0	0	-147	
0	0	-147	
0	0	-147	
0	0	-147	
0	0	-147	
0	0	-147	
0	0	-147	
0	0	-147	
0	0	-147	
0	0	-147	
0	0	-147	
0	0	-147	
0	0	-147	
0	0	-147	
0	0	-147	
0	0	-147	
0	0	-147	
0	0	-147	
0	0	-147	
0	0	-147	
0	0	-147	
0	0	-147	
0	0	-147	
0	0	-147	
0	0	-147	
0	0	-147	
0	0	-147	
0	0	-147	
0	0	-147	
0	0	-147	
0	0	-147	
0	0	-147	
0	0	-147	
0	0	-147	
0	0	-147	
0	0	-147	
0	0	-147	
0	0	-147	
0	0	-147	
0	0	-147	
0	0	-147	
0	0	-147	
0	0	-147	
0	0	-147	
0	0	-147	
0	0	-147	
0	0	-147	
0	0	-147	
0	0	-147	
0	0	-147	
0	0	-147	
0	0	-147	
0	0	-147	
0	0	-147	
0	0	-147	
0	0	-147	
0	0	-147	
0	0	-147	
0	0	-147	
0	0	-147	
0	0	-147	
0	0	-147	
0	0	-147	
0	0	-147	
0	0	-147	
0	0	-147	
0	0	-147	
0	0	-147	
0	0	-147	
0	0	-147	
0	0	-147	
0	0	-147	
0	0	-147	
0	0	-147	
0	0	-147	
0	0	-147	
0	0	-147	
0	0	-147	
0	0	-147	
0	0	-147	
0	0	-147	
0	0	-147	
0	0	-147	
0	0	-147	
0	0	-147	
0	0	-147	
0	0	-147	
0	0	-147	
0	0	-147	
0	0	-147	
0	0	-147	
0	0	-147	
0	0	-147	
0	0	-147	
0	0	-147	
0	0	-147	
0	0	-147	
0	0	-147	
0	0	-147	
0	0	-147	
0	0	-147	
0	0	-147	
0	0	-147	
0	0	-147	
0	0	-147	
0	0	-147	
0	0	-147	
0	0	-147	
0	0	-147	
0	0	-147	
0	0	-147	
0	0	-147	
0	0	-147	
0	0	-147	
0	0	-147	
0	0	-147	
0	0	-147	
0	0	-147	
0	0	-147	
0	0	-147	
0	0	-147	
0	0	-147	
0	0	-147	
0	0	-147	
0	0	-147	
0	0	-147	
0	0	-147	
0	0	-147	
0	0	-147	
0	0	-147	
0	0	-147	
0	0	-147	
0	0	-147	
0	0	-147	
0	0	-147	
0	0	-147	
0	0	-1.19147	
0	0	-1.17442	
0	0	-1.15785	
0	0	-1.14177	
0	0	-1.1263	
0	0	-1.11139	
0	0	-1.09699	
0	0	-1.08306	
0	0	-1.06958	
0	0	-1.05654	
0	0	-1.04393	
0	0	-1.03174	
0	0	-1.01996	
0	0	-1.00859	
0	0	-0.99761	
0	0	-0.987024	
0	0	-0.976824	
0	0	-0.967006	
0	0	-0.957565	
0	0	-0.948496	
0	0	-0.939795	
0	0	-0.931456	
0	0	-0.923475	
0	0	-0.915848	
0	0	-0.90857	
0	0	-0.901637	
0	0	-0.895046	
0	0	-0.888791	
0	0	-0.88287	
0	0	-0.877278	
0	0	-0.872011	
0	0	-1.44251	
0	0	-1.42229	
0	0	-1.40249	
0	0	-1.38311	
0	0	-1.36409	
0	0	-1.34542	
0	0	-1.32705	
0	0	-1.30899	
0	0	-1.29119	
0	0	-1.27365	
0	0	-1.25636	
0	0	-1.23931	
0	0	-1.22248	
0	0	-1.20587	
0	0	-1.18948	
0	0	-1.17329	
0	0	-1.15731	
0	0	-1.14153	
0	0	-1.12596	
0	0	-1.11059	
0	0	-1.09542	
0	0	-1.08045	
0	0	-1.06568	
0	0	-1.05113	
0	0	-1.03678	
0	0	-1.02264	
0	0	-1.00872	
0	0	-0.995018	
0	0	-0.981535	
0	0	-0.968282	
0	0	-0.955226	
0	0	-147	
0	0	-147	
0	0	-147	
0	0	-147	
0	0	-147	
0	0	-147	
0	0	-147	
0	0	-147	
0	0	-147	
0	0	-147	
0	0	-147	
0	0	-147	
0	0	-147	
0	0	-147	
0	0	-147	
0	0	-147	
0	0	-147	
0	0	-147	
0	0	-147	
0	0	-147	
0	0	-147	
0	0	-147	
0	0	-147	
0	0	-147	
0	0	-147	
0	0	-147	
0	0	-147	
0	0	-147	
0	0	-147	
0	0	-147	
0	0	-147	
0	0	-147	
0	0	-147	
0	0	-147	
0	0	-147	
0	0	-147	
0	0	-147	
0	0	-147	
0	0	-147	
0	0	-147	
0	0	-147	
0	0	-147	
0	0	-147	
0	0	-147	
0	0	-147	
0	0	-147	
0	0	-147	
0	0	-147	
0	0	-147	
0	0	-147	
0	0	-147	
0	0	-147	
0	0	-147	
0	0	-147	
0	0	-147	
0	0	-147	
0	0	-147	
0	0	-147	
0	0	-147	
0	0	-147	
0	0	-147	
0	0	-147	
0	0	-147	
0	0	-147	
0	0	-147	
0	0	-147	
0	0	-147	
0	0	-147	
0	0	-147	
0	0	-147	
0	0	-147	
0	0	-147	
0	0	-147	
0	0	-147	
0	0	-147	
0	0	-147	
0	0	-147	
0	0	-147	
0	0	-147	
0	0	-147	
0	0	-147	
0	0	-147	
0	0	-147	
0	0	-147	
0	0	-147	
0	0	-147	
0	0	-147	
0	0	-147	
0	0	-147	
0	0	-147	
0	0	-147	
0	0	-147	
0	0	-147	
0	0	-147	
0	0	-147	
0	0	-147	
0	0	-147	
0	0	-147	
0	0	-147	
0	0	-147	
0	0	-147	
0	0	-147	
0	0	-147	
0	0	-147	
0	0	-147	
0	0	-147	
0	0	-147	
0	0	-147	
0	0	-147	
0	0	-147	
0	0	-147	
0	0	-147	
0	0	-147	
0	0	-147	
0	0	-147	
0	0	-147	
0	0	-147	
0	0	-147	
0	0	-147	
0	0	-147	
0	0	-147	
0	0	-147	
0	0	-147	
0	0	-147	
0	0	-147	
0	0	-147	
0	0	-147	
0	0	-147	
0	0	-147	
0	0	-147	
0	0	-147	
0	0	-147	
0	0	-147	
0	0	-147	
0	0	-147	
0	0	-147	
0	0	-147	
0	0	-147	
0	0	-147	
0	0	-147	
0	0	-147	
0	0	-147	
0	0	-147	
0	0	-147	
0	0	-147	
0	0	-147	
0	0	-147	
0	0	-147	
0	0	-147	
0	0	-147	
0	0	-147	
0	0	-147	
0	0	-147	
0	0	-147	
0	0	-147	
0	0	-147	
0	0	-147	
0	0	-147	
0	0	-147	
0	0	-147	
0	0	-147	
0	0	-147	
0	0	-147	
0	0	-147	
0	0	-147	
0	0	-147	
0	0	-147	
0	0	-147	
0	0	-147	
0	0	-147	
0	0	-147	
0	0	-147	
0	0	-147	
0	0	-147	
0	0	-147	
0	0	-147	
0	0	-147	
0	0	-147	
0	0	-147	
0	0	-147	
0	0	-147	
0	0	-147	
0	0	-147	
0	0	-147	
0	0	-147	
0	0	-147	
0	0	-147	
0	0	-147	
0	0	-147	
0	0	-147	
0	0	-147	
0	0	-147	
0	0	-147	
0	0	-147	
0	0	-147	
0	0	-147	
0	0	-147	
0	0	-147	
0	0	-147	
0	0	-147	
0	0	-147	
0	0	-147	
0	0	-147	
0	0	-147	
0	0	-147	
0	0	-147	
0	0	-147	
0	0	-147	
0	0	-147	
0	0	-147	
0	0	-147	
0	0	-147	
0	0	-147	
0	0	-147	
0	0	-147	
0	0	-147	
0	0	-147	
0	0	-147	
0	0	-147	
0	0	-147	
0	0	-147	
0	0	-147	
0	0	-147	
0	0	-147	
0	0	-147	
0	0	-147	
0	0	-147	
0	0	-147	
0	0	-147	
0	0	-147	
0	0	-147	
0	0	-147	
0	0	-147	
0	0	-147	
0	0	-147	
0	0	-147	
0	0	-147	
0	0	-147	
0	0	-147	
0	0	-147	
0	0	-147	
0	0	-147	
0	0	-147	
0	0	-147	
0	0	-147	
0	0	-147	
0	0	-147	
0	0	-147	
0	0	-147	
0	0	-147	
0	0	-147	
0	0	-147	
0	0	-147	
0	0	-147	
0	0	-147	
0	0	-147	
0	0	-147	
0	0	-147	
0	0	-147	
0	0	-147	
0	0	-147	
0	0	-147	
0	0	-147	
0	0	-147	
0	0	-147	
0	0	-147	
0	0	-147	
0	0	-147	
0	0	-147	
0	0	-147	
0	0	-147	
0	0	-147	
0	0	-147	
0	0	-147	
0	0	-147	
0	0	-147	
0	0	-147	
0	0	-147	
0	0	-147	
0	0	-147	
0	0	-147	
0	0	-147	
0	0	-147	
0	0	-147	
0	0	-147	
0	0	-147	
0	0	-147	
0	0	-147	
0	0	-147	
0	0	-147	
0	0	-147	
0	0	-147	
0	0	-147	
0	0	-147	
0	0	-147	
0	0	-147	
0	0	-147	
0	0	-147	
0	0	-147	
0	0	-147	
0	0	-147	
0	0	-147	
0	0	-147	
0	0	-147	
0	0	-147	
0	0	-147	
0	0	-147	
0	0	-147	
0	0	-147	
0	0	-147	
0	0	-147	
0	0	-147	
0	0	-147	
0	0	-147	
0	0	-147	
0	0	-147	
0	0	-147	
0	0	-147	
0	0	-147	
0	0	-147	
0	0	-147	
0	0	-147	
0	0	-147	
0	0	-147	
0	0	-147	
0	0	-147	
0	0	-147	
0	0	-147	
0	0	-147	
0	0	-147	
0	0	-147	
0	0	-147	
0	0	-147	
0	0	-147	
0	0	-147	
0	0	-147	
0	0	-147	
0	0	-147	
0	0	-147	
0	0	-147	
0	0	-147	
0	0	-147	
0	0	-147	
0	0	-147	
0	0	-147	
0	0	-147	
0	0	-147	
0	0	-147	
0	0	-147	
0	0	-147	
0	0	-147	
0	0	-147	
0	0	-147	
0	0	-147	
0	0	-147	
0	0	-147	
0	0	-147	
0	0	-147	
0	0	-147	
0	0	-147	
0	0	-147	
0	0	-147	
0	0	-147	
0	0	-147	
0	0	-147	
0	0	-147	
0	0	-147	
0	0	-147	
0	0	-147	
0	0	-147	
0	0	-147	
0	0	-147	
0	0	-147	
0	0	-147	
0	0	-147	
0	0	-147	
0	0	-147	
0	0	-147	
0	0	-147	
0	0	-147	
0	0	-147	
0	0	-147	
0	0	-147	
0	0	-147	
0	0	-147	
0	0	-147	
0	0	-147	
0	0	-147	
0	0	-147	
0	0	-147	
0	0	-147	
0	0	-147	
0	0	-147	
0	0	-147	
0	0	-147	
0	0	-147	
0	0	-147	
0	0	-147	
0	0	-147	
0	0	-147	
0	0	-147	
0	0	-147	
0	0	-147	
0	0	-147	
0	0	-147	
0	0	-147	
0	0	-147	
0	0	-147	
0	0	-147	
0	0	-147	
0	0	-147	
0	0	-147	
0	0	-147	
0	0	-147	
0	0	-147	
0	0	-147	
0	0	-147	
0	0	-147	
0	0	-147	
0	0	-147	
0	0	-147	
0	0	-147	
0	0	-147	
0	0	-147	
0	0	-147	
0	0	-147	
0	0	-147	
0	0	-147	
0	0	-147	
0	0	-147	
0	0	-147	
0	0	-147	
0	0	-147	
0	0	-147	
0	0	-7.26346	
0	0	-7.25293	
0	0	-7.24141	
0	0	-7.22882	
0	0	-7.21511	
0	0	-7.20019	
0	0	-7.18401	
0	0	-7.16649	
0	0	-7.14758	
0	0	-7.12722	
0	0	-7.10535	
0	0	-7.08191	
0	0	-7.05687	
0	0	-7.03017	
0	0	-7.00177	
0	0	-6.97163	
0	0	-6.93973	
0	0	-6.90602	
0	0	-6.87048	
0	0	-6.8331	
0	0	-6.79385	
0	0	-6.75273	
0	0	-6.70973	
0	0	-6.66485	
0	0	-6.61809	
0	0	-6.56946	
0	0	-6.51899	
0	0	-6.46668	
0	0	-6.41257	
0	0	-6.35669	
0	0	-6.29907	
0	0	-0.5819	
0	0	-0.586693	
0	0	-0.591695	
0	0	-0.596909	
0	0	-0.602338	
0	0	-0.607988	
0	0	-0.61386	
0	0	-0.619959	
0	0	-0.626285	
0	0	-0.63284	
0	0	-0.639644	
0	0	-0.646701	
0	0	-0.654004	
0	0	-0.661555	
0	0	-0.669368	
0	0	-0.677454	
0	0	-0.685802	
0	0	-0.694421	
0	0	-0.703307	
0	0	-0.712483	
0	0	-0.72195	
0	0	-0.731714	
0	0	-0.741788	
0	0	-0.752157	
0	0	-0.762833	
0	0	-0.773813	
0	0	-0.785172	
0	0	-0.796811	
0	0	-0.808784	
0	0	-0.821089	
0	0	-0.833734	
0	0	-1.40402	
0	0	-1.38573	
0	0	-1.36775	
0	0	-1.35032	
0	0	-1.33324	
0	0	-1.31647	
0	0	-1.29998	
0	0	-1.28376	
0	0	-1.26779	
0	0	-1.25205	
0	0	-1.23653	
0	0	-1.22122	
0	0	-1.20609	
0	0	-1.19115	
0	0	-1.1764	
0	0	-1.16183	
0	0	-1.14745	
0	0	-1.13334	
0	0	-1.11922	
0	0	-1.10526	
0	0	-1.09146	
0	0	-1.07782	
0	0	-1.06434	
0	0	-1.05102	
0	0	-1.03786	
0	0	-1.02486	
0	0	-1.01203	
0	0	-0.999374	
0	0	-0.986889	
0	0	-0.974579	
0	0	-0.962434	
0	0	-147	
0	0	-147	
0	0	-147	
0	0	-147	
0	0	-147	
0	0	-147	
0	0	-147	
0	0	-147	
0	0	-147	
0	0	-147	
0	0	-147	
0	0	-147	
0	0	-147	
0	0	-147	
0	0	-147	
0	0	-147	
0	0	-147	
0	0	-147	
0	0	-147	
0	0	-147	
0	0	-147	
0	0	-147	
0	0	-147	
0	0	-147	
0	0	-147	
0	0	-147	
0	0	-147	
0	0	-147	
0	0	-147	
0	0	-147	
0	0	-147	
0	0	-147	
0	0	-147	
0	0	-147	
0	0	-147	
0	0	-147	
0	0	-147	
0	0	-147	
0	0	-147	
0	0	-147	
0	0	-147	
0	0	-147	
0	0	-147	
0	0	-147	
0	0	-147	
0	0	-147	
0	0	-147	
0	0	-147	
0	0	-147	
0	0	-147	
0	0	-147	
0	0	-147	
0	0	-147	
0	0	-147	
0	0	-147	
0	0	-147	
0	0	-147	
0	0	-147	
0	0	-147	
0	0	-147	
0	0	-147	
0	0	-147	
0	0	-147	
0	0	-147	
0	0	-147	
0	0	-147	
0	0	-147	
0	0	-147	
0	0	-147	
0	0	-147	
0	0	-147	
0	0	-147	
0	0	-147	
0	0	-147	
0	0	-147	
0	0	-147	
0	0	-147	
0	0	-147	
0	0	-147	
0	0	-147	
0	0	-147	
0	0	-147	
0	0	-147	
0	0	-147	
0	0	-147	
0	0	-147	
0	0	-147	
0	0	-147	
0	0	-147	
0	0	-147	
0	0	-147	
0	0	-147	
0	0	-147	
0	0	-147	
0	0	-147	
0	0	-147	
0	0	-147	
0	0	-147	
0	0	-147	
0	0	-147	
0	0	-147	
0	0	-147	
0	0	-147	
0	0	-147	
0	0	-147	
0	0	-147	
0	0	-147	
0	0	-147	
0	0	-147	
0	0	-147	
0	0	-147	
0	0	-147	
0	0	-147	
0	0	-147	
0	0	-147	
0	0	-147	
0	0	-147	
0	0	-147	
0	0	-147	
0	0	-147	
0	0	-147	
0	0	-147	
0	0	-147	
0	0	-147	
0	0	-147	
0	0	-147	
0	0	-147	
0	0	-147	
0	0	-147	
0	0	-147	
0	0	-147	
0	0	-147	
0	0	-147	
0	0	-147	
0	0	-147	
0	0	-147	
0	0	-147	
0	0	-147	
0	0	-147	
0	0	-147	
0	0	-147	
0	0	-147	
0	0	-147	
0	0	-147	
0	0	-147	
0	0	-147	
0	0	-147	
0	0	-147	
0	0	-147	
0	0	-147	
0	0	-147	
0	0	-147	
0	0	-147	
0	0	-147	
0	0	-147	
0	0	-147	
0	0	-147	
0	0	-147	
0	0	-147	
0	0	-147	
0	0	-147	
0	0	-147	
0	0	-147	
0	0	-147	
0	0	-147	
0	0	-147	
0	0	-147	
0	0	-147	
0	0	-147	
0	0	-147	
0	0	-147	
0	0	-147	
0	0	-147	
0	0	-147	
0	0	-147	
0	0	-147	
0	0	-147	
0	0	-147	
0	0	-147	
0	0	-147	
0	0	-147	
0	0	-147	
0	0	-147	
0	0	-147	
0	0	-147	
0	0	-147	
0	0	-147	
0	0	-147	
0	0	-147	
0	0	-147	
0	0	-147	
0	0	-147	
0	0	-147	
0	0	-147	
0	0	-147	
0	0	-147	
0	0	-147	
0	0	-147	
0	0	-147	
0	0	-147	
0	0	-147	
0	0	-147	
0	0	-147	
0	0	-147	
0	0	-147	
0	0	-147	
0	0	-147	
0	0	-147	
0	0	-147	
0	0	-147	
0	0	-147	
0	0	-147	
0	0	-147	
0	0	-147	
0	0	-147	
0	0	-147	
0	0	-147	
0	0	-147	
0	0	-147	
0	0	-147	
0	0	-147	
0	0	-147	
0	0	-147	
0	0	-147	
0	0	-147	
0	0	-147	
0	0	-147	
0	0	-147	
0	0	-147	
0	0	-147	
0	0	-147	
0	0	-147	
0	0	-147	
0	0	-147	
0	0	-147	
0	0	-147	
0	0	-147	
0	0	-147	
0	0	-147	
0	0	-147	
0	0	-147	
0	0	-147	
0	0	-147	
0	0	-147	
0	0	-147	
0	0	-147	
0	0	-147	
0	0	-147	
0	0	-147	
0	0	-147	
0	0	-147	
0	0	-147	
0	0	-147	
0	0	-147	
0	0	-147	
0	0	-147	
0	0	-147	
0	0	-147	
0	0	-147	
0	0	-147	
0	0	-147	
0	0	-147	
0	0	-147	
0	0	-147	
0	0	-147	
0	0	-147	
0	0	-147	
0	0	-147	
0	0	-147	
0	0	-147	
0	0	-147	
0	0	-147	
0	0	-147	
0	0	-147	
0	0	-147	
0	0	-147	
0	0	-147	
0	0	-147	
0	0	-147	
0	0	-147	
0	0	-147	
0	0	-147	
0	0	-147	
0	0	-147	
0	0	-147	
0	0	-147	
0	0	-147	
0	0	-147	
0	0	-147	
0	0	-147	
0	0	-147	
0	0	-147	
0	0	-147	
0	0	-147	
0	0	-147	
0	0	-147	
0	0	-147	
0	0	-147	
0	0	-147	
0	0	-147	
0	0	-147	
0	0	-147	
0	0	-147	
0	0	-147	
0	0	-147	
0	0	-147	
0	0	-147	
0	0	-147	
0	0	-147	
0	0	-147	
0	0	-147	
0	0	-147	
0	0	-147	
0	0	-147	
0	0	-147	
0	0	-147	
0	0	-147	
0	0	-147	
0	0	-147	
0	0	-147	
0	0	-147	
0	0	-147	
0	0	-147	
0	0	-147	
0	0	-147	
0	0	-147	
0	0	-147	
0	0	-147	
0	0	-147	
0	0	-147	
0	0	-147	
0	0	-147	
0	0	-147	
0	0	-147	
0	0	-147	
0	0	-147	
0	0	-147	
0	0	-147	
0	0	-147	
0	0	-147	
0	0	-147	
0	0	-147	
0	0	-147	
0	0	-147	
0	0	-147	
0	0	-147	
0	0	-147	
0	0	-147	
0	0	-147	
0	0	-147	
0	0	-147	
0	0	-147	
0	0	-147	
0	0	-147	
0	0	-147	
0	0	-147	
0	0	-147	
0	0	-147	
0	0	-147	
0	0	-147	
0	0	-147	
0	0	-147	
0	0	-147	
0	0	-147	
0	0	-147	
0	0	-147	
0	0	-147	
0	0	-147	
0	0	-147	
0	0	-147	
0	0	-147	
0	0	-147	
0	0	-147	
0	0	-147	
0	0	-147	
0	0	-147	
0	0	-147	
0	0	-147	
0	0	-147	
0	0	-147	
0	0	-147	
0	0	-147	
0	0	-147	
0	0	-147	
0	0	-147	
0	0	-147	
0	0	-147	
0	0	-147	
0	0	-147	
0	0	-147	
0	0	-147	
0	0	-147	
0	0	-147	
0	0	-147	
0	0	-147	
0	0	-147	
0	0	-147	
0	0	-147	
0	0	-147	
0	0	-147	
0	0	-147	
0	0	-147	
0	0	-147	
0	0	-147	
0	0	-147	
0	0	-147	
0	0	-147	
0	0	-147	
0	0	-147	
0	0	-147	
0	0	-147	
0	0	-147	
0	0	-147	
0	0	-147	
0	0	-147	
0	0	-147	
0	0	-147	
0	0	-147	
0	0	-147	
0	0	-147	
0	0	-147	
0	0	-147	
0	0	-147	
0	0	-147	
0	0	-147	
0	0	-147	
0	0	-147	
0	0	-147	
0	0	-147	
0	0	-147	
0	0	-147	
0	0	-147	
0	0	-147	
0	0	-147	
0	0	-7.32641	
0	0	-7.32666	
0	0	-7.3269	
0	0	-7.32714	
0	0	-7.32738	
0	0	-7.32762	
0	0	-7.32785	
0	0	-7.32809	
0	0	-7.32833	
0	0	-7.32865	
0	0	-7.32897	
0	0	-7.32927	
0	0	-7.32958	
0	0	-7.32985	
0	0	-7.3301	
0	0	-7.33033	
0	0	-7.33054	
0	0	-7.33074	
0	0	-7.33094	
0	0	-7.33114	
0	0	-7.33133	
0	0	-7.33152	
0	0	-7.33171	
0	0	-7.33191	
0	0	-7.3321	
0	0	-7.33228	
0	0	-7.33247	
0	0	-7.33273	
0	0	-7.33301	
0	0	-7.3333	
0	0	-7.33358	
0	0	-5.80609	
0	0	-5.81032	
0	0	-5.8151	
0	0	-5.8204	
0	0	-5.82621	
0	0	-5.83251	
0	0	-5.83929	
0	0	-5.84651	
0	0	-5.85409	
0	0	-5.86209	
0	0	-5.8705	
0	0	-5.87934	
0	0	-5.88859	
0	0	-5.89825	
0	0	-5.90829	
0	0	-5.91871	
0	0	-5.92951	
0	0	-5.94982	
0	0	-5.96204	
0	0	-5.97457	
0	0	-5.98709	
0	0	-5.99961	
0	0	-6.0122	
0	0	-6.02493	
0	0	-6.038	
0	0	-6.04971	
0	0	-6.06232	
0	0	-6.07504	
0	0	-6.08775	
0	0	-6.10047	
0	0	-6.11322	
0	0	-147	
0	0	-147	
0	0	-147	
0	0	-147	
0	0	-147	
0	0	-147	
0	0	-147	
0	0	-147	
0	0	-147	
0	0	-147	
0	0	-147	
0	0	-147	
0	0	-147	
0	0	-147	
0	0	-147	
0	0	-147	
0	0	-147	
0	0	-147	
0	0	-147	
0	0	-147	
0	0	-147	
0	0	-147	
0	0	-147	
0	0	-147	
0	0	-147	
0	0	-147	
0	0	-147	
0	0	-147	
0	0	-147	
0	0	-147	
0	0	-147	
0	0	-147	
0	0	-147	
0	0	-147	
0	0	-147	
0	0	-147	
0	0	-147	
0	0	-147	
0	0	-147	
0	0	-147	
0	0	-147	
0	0	-147	
0	0	-147	
0	0	-147	
0	0	-147	
0	0	-147	
0	0	-147	
0	0	-147	
0	0	-147	
0	0	-147	
0	0	-147	
0	0	-147	
0	0	-147	
0	0	-147	
0	0	-147	
0	0	-147	
0	0	-147	
0	0	-147	
0	0	-147	
0	0	-147	
0	0	-147	
0	0	-147	
0	0	-147	
0	0	-147	
0	0	-147	
0	0	-147	
0	0	-147	
0	0	-147	
0	0	-147	
0	0	-147	
0	0	-147	
0	0	-147	
0	0	-147	
0	0	-147	
0	0	-147	
0	0	-147	
0	0	-147	
0	0	-147	
0	0	-147	
0	0	-147	
0	0	-147	
0	0	-147	
0	0	-147	
0	0	-147	
0	0	-147	
0	0	-147	
0	0	-147	
0	0	-147	
0	0	-147	
0	0	-147	
0	0	-147	
0	0	-147	
0	0	-147	
0	0	-147	
0	0	-147	
0	0	-147	
0	0	-147	
0	0	-147	
0	0	-147	
0	0	-147	
0	0	-147	
0	0	-147	
0	0	-147	
0	0	-147	
0	0	-147	
0	0	-147	
0	0	-147	
0	0	-147	
0	0	-147	
0	0	-147	
0	0	-147	
0	0	-147	
0	0	-147	
0	0	-147	
0	0	-147	
0	0	-147	
0	0	-147	
0	0	-147	
0	0	-147	
0	0	-147	
0	0	-147	
0	0	-147	
0	0	-147	
0	0	-147	
0	0	-147	
0	0	-147	
0	0	-147	
0	0	-147	
0	0	-147	
0	0	-147	
0	0	-147	
0	0	-147	
0	0	-147	
0	0	-147	
0	0	-147	
0	0	-147	
0	0	-147	
0	0	-147	
0	0	-147	
0	0	-147	
0	0	-147	
0	0	-147	
0	0	-147	
0	0	-147	
0	0	-147	
0	0	-147	
0	0	-147	
0	0	-147	
0	0	-147	
0	0	-147	
0	0	-147	
0	0	-147	
0	0	-147	
0	0	-147	
0	0	-147	
0	0	-147	
0	0	-147	
0	0	-147	
0	0	-147	
0	0	-147	
0	0	-147	
0	0	-147	
0	0	-147	
0	0	-147	
0	0	-147	
0	0	-147	
0	0	-147	
0	0	-147	
0	0	-147	
0	0	-147	
0	0	-147	
0	0	-147	
0	0	-147	
0	0	-147	
0	0	-147	
0	0	-147	
0	0	-147	
0	0	-147	
0	0	-147	
0	0	-147	
0	0	-147	
0	0	-147	
0	0	-147	
0	0	-147	
0	0	-147	
0	0	-147	
0	0	-147	
0	0	-147	
0	0	-147	
0	0	-147	
0	0	-147	
0	0	-147	
0	0	-147	
0	0	-147	
0	0	-147	
0	0	-147	
0	0	-147	
0	0	-147	
0	0	-147	
0	0	-147	
0	0	-147	
0	0	-147	
0	0	-147	
0	0	-147	
0	0	-147	
0	0	-147	
0	0	-147	
0	0	-147	
0	0	-147	
0	0	-147	
0	0	-147	
0	0	-147	
0	0	-147	
0	0	-147	
0	0	-147	
0	0	-147	
0	0	-147	
0	0	-147	
0	0	-147	
0	0	-147	
0	0	-147	
0	0	-147	
0	0	-147	
0	0	-147	
0	0	-147	
0	0	-147	
0	0	-147	
0	0	-147	
0	0	-147	
0	0	-147	
0	0	-147	
0	0	-147	
0	0	-147	
0	0	-147	
0	0	-147	
0	0	-147	
0	0	-147	
0	0	-147	
0	0	-147	
0	0	-147	
0	0	-147	
0	0	-147	
0	0	-147	
0	0	-147	
0	0	-147	
0	0	-147	
0	0	-147	
0	0	-147	
0	0	-1.14677	
0	0	-1.13474	
0	0	-1.12314	
0	0	-1.11195	
0	0	-1.10117	
0	0	-1.09078	
0	0	-1.08078	
0	0	-1.07116	
0	0	-1.0619	
0	0	-1.05301	
0	0	-1.04448	
0	0	-1.03626	
0	0	-1.02839	
0	0	-1.02086	
0	0	-1.01363	
0	0	-1.00676	
0	0	-1.0002	
0	0	-0.993938	
0	0	-0.987982	
0	0	-0.982323	
0	0	-0.976956	
0	0	-0.971876	
0	0	-0.967082	
0	0	-0.962569	
0	0	-0.958338	
0	0	-0.954349	
0	0	-0.950634	
0	0	-0.947188	
0	0	-0.944005	
0	0	-0.941068	
0	0	-0.938431	
0	0	-147	
0	0	-147	
0	0	-147	
0	0	-147	
0	0	-147	
0	0	-147	
0	0	-147	
0	0	-147	
0	0	-147	
0	0	-147	
0	0	-147	
0	0	-147	
0	0	-147	
0	0	-147	
0	0	-147	
0	0	-147	
0	0	-147	
0	0	-147	
0	0	-147	
0	0	-147	
0	0	-147	
0	0	-147	
0	0	-147	
0	0	-147	
0	0	-147	
0	0	-147	
0	0	-147	
0	0	-147	
0	0	-147	
0	0	-147	
0	0	-147	
0	0	-147	
0	0	-147	
0	0	-147	
0	0	-147	
0	0	-147	
0	0	-147	
0	0	-147	
0	0	-147	
0	0	-147	
0	0	-147	
0	0	-147	
0	0	-147	
0	0	-147	
0	0	-147	
0	0	-147	
0	0	-147	
0	0	-147	
0	0	-147	
0	0	-147	
0	0	-147	
0	0	-147	
0	0	-147	
0	0	-147	
0	0	-147	
0	0	-147	
0	0	-147	
0	0	-147	
0	0	-147	
0	0	-147	
0	0	-147	
0	0	-147	
0	0	-147	
0	0	-147	
0	0	-147	
0	0	-147	
0	0	-147	
0	0	-147	
0	0	-147	
0	0	-147	
0	0	-147	
0	0	-147	
0	0	-147	
0	0	-147	
0	0	-147	
0	0	-147	
0	0	-147	
0	0	-147	
0	0	-147	
0	0	-147	
0	0	-147	
0	0	-147	
0	0	-147	
0	0	-147	
0	0	-147	
0	0	-147	
0	0	-147	
0	0	-147	
0	0	-147	
0	0	-147	
0	0	-147	
0	0	-147	
0	0	-147	
0	0	-147	
0	0	-147	
0	0	-147	
0	0	-147	
0	0	-147	
0	0	-147	
0	0	-147	
0	0	-147	
0	0	-147	
0	0	-147	
0	0	-147	
0	0	-147	
0	0	-147	
0	0	-147	
0	0	-147	
0	0	-147	
0	0	-147	
0	0	-147	
0	0	-147	
0	0	-147	
0	0	-147	
0	0	-147	
0	0	-147	
0	0	-147	
0	0	-147	
0	0	-147	
0	0	-147	
0	0	-147	
0	0	-147	
0	0	-147	
0	0	-147	
0	0	-147	
0	0	-147	
0	0	-147	
0	0	-147	
0	0	-147	
0	0	-147	
0	0	-147	
0	0	-147	
0	0	-147	
0	0	-147	
0	0	-147	
0	0	-147	
0	0	-147	
0	0	-147	
0	0	-147	
0	0	-147	
0	0	-147	
0	0	-147	
0	0	-147	
0	0	-147	
0	0	-147	
0	0	-147	
0	0	-147	
0	0	-147	
0	0	-147	
0	0	-147	
0	0	-147	
0	0	-147	
0	0	-147	
0	0	-147	
0	0	-147	
0	0	-147	
0	0	-147	
0	0	-147	
0	0	-147	
0	0	-147	
0	0	-147	
0	0	-147	
0	0	-147	
0	0	-147	
0	0	-147	
0	0	-147	
0	0	-147	
0	0	-147	
0	0	-147	
0	0	-147	
0	0	-147	
0	0	-147	
0	0	-147	
0	0	-147	
0	0	-147	
0	0	-147	
0	0	-147	
0	0	-147	
0	0	-147	
0	0	-147	
0	0	-147	
0	0	-147	
0	0	-147	
0	0	-147	
0	0	-147	
0	0	-147	
0	0	-147	
0	0	-147	
0	0	-147	
0	0	-147	
0	0	-147	
0	0	-147	
0	0	-147	
0	0	-147	
0	0	-147	
0	0	-147	
0	0	-147	
0	0	-147	
0	0	-147	
0	0	-147	
0	0	-147	
0	0	-147	
0	0	-147	
0	0	-147	
0	0	-147	
0	0	-147	
0	0	-147	
0	0	-147	
0	0	-147	
0	0	-147	
0	0	-147	
0	0	-147	
0	0	-147	
0	0	-147	
0	0	-147	
0	0	-147	
0	0	-147	
0	0	-147	
0	0	-147	
0	0	-147	
0	0	-147	
0	0	-147	
0	0	-147	
0	0	-147	
0	0	-147	
0	0	-147	
0	0	-147	
0	0	-147	
0	0	-147	
0	0	-147	
0	0	-147	
0	0	-147	
0	0	-147	
0	0	-147	
0	0	-147	
0	0	-147	
0	0	-147	
0	0	-147	
0	0	-147	
0	0	-147	
0	0	-147	
0	0	-147	
0	0	-147	
0	0	-147	
0	0	-147	
0	0	-147	
0	0	-147	
0	0	-147	
0	0	-147	
0	0	-147	
0	0	-147	
0	0	-147	
0	0	-147	
0	0	-147	
0	0	-147	
0	0	-147	
0	0	-147	
0	0	-147	
0	0	-147	
0	0	-147	
0	0	-147	
0	0	-147	
0	0	-147	
0	0	-147	
0	0	-147	
0	0	-147	
0	0	-147	
0	0	-147	
0	0	-147	
0	0	-147	
0	0	-147	
0	0	-147	
0	0	-147	
0	0	-147	
0	0	-147	
0	0	-147	
0	0	-147	
0	0	-147	
0	0	-147	
0	0	-147	
0	0	-147	
0	0	-147	
0	0	-147	
0	0	-147	
0	0	-147	
0	0	-147	
0	0	-147	
0	0	-147	
0	0	-147	
0	0	-147	
0	0	-147	
0	0	-147	
0	0	-147	
0	0	-147	
0	0	-147	
0	0	-147	
0	0	-147	
0	0	-147	
0	0	-147	
0	0	-147	
0	0	-147	
0	0	-147	
0	0	-147	
0	0	-147	
0	0	-147	
0	0	-147	
0	0	-147	
0	0	-147	
0	0	-147	
0	0	-147	
0	0	-147	
0	0	-147	
0	0	-147	
0	0	-147	
0	0	-147	
0	0	-147	
0	0	-147	
0	0	-147	
0	0	-147	
0	0	-147	
0	0	-147	
0	0	-147	
0	0	-147	
0	0	-147	
0	0	-147	
0	0	-147	
0	0	-147	
0	0	-147	
0	0	-147	
0	0	-147	
0	0	-147	
0	0	-147	
0	0	-147	
0	0	-147	
0	0	-147	
0	0	-147	
0	0	-147	
0	0	-147	
0	0	-147	
0	0	-147	
0	0	-147	
0	0	-147	
0	0	-147	
0	0	-147	
0	0	-147	
0	0	-147	
0	0	-147	
0	0	-147	
0	0	-147	
0	0	-147	
0	0	-147	
0	0	-147	
0	0	-147	
0	0	-147	
0	0	-147	
0	0	-147	
0	0	-147	
0	0	-147	
0	0	-147	
0	0	-147	
0	0	-147	
0	0	-147	
0	0	-147	
0	0	-147	
0	0	-147	
0	0	-147	
0	0	-147	
0	0	-147	
0	0	-147	
0	0	-147	
0	0	-147	
0	0	-147	
0	0	-147	
0	0	-147	
0	0	-147	
0	0	-147	
0	0	-147	
0	0	-147	
0	0	-147	
0	0	-147	
0	0	-147	
0	0	-147	
0	0	-147	
0	0	-147	
0	0	-147	
0	0	-147	
0	0	-147	
0	0	-147	
0	0	-147	
0	0	-147	
0	0	-147	
0	0	-147	
0	0	-147	
0	0	-147	
0	0	-147	
0	0	-147	
0	0	-147	
0	0	-147	
0	0	-147	
0	0	-147	
0	0	-147	
0	0	-147	
0	0	-147	
0	0	-147	
0	0	-147	
0	0	-147	
0	0	-147	
0	0	-147	
0	0	-147	
0	0	-147	
0	0	-147	
0	0	-147	
0	0	-147	
0	0	-147	
0	0	-147	
0	0	-147	
0	0	-147	
0	0	-147	
0	0	-147	
0	0	-147	
0	0	-147	
0	0	-147	
0	0	-147	
0	0	-147	
0	0	-147	
0	0	-147	
0	0	-147	
0	0	-147	
0	0	-147	
0	0	-147	
0	0	-147	
0	0	-147	
0	0	-147	
0	0	-147	
0	0	-147	
0	0	-147	
0	0	-147	
0	0	-147	
0	0	-147	
0	0	-147	
0	0	-147	
0	0	-147	
0	0	-147	
0	0	-147	
0	0	-147	
0	0	-147	
0	0	-147	
0	0	-147	
0	0	-147	
0	0	-147	
0	0	-147	
0	0	-147	
0	0	-147	
0	0	-147	
0	0	-147	
0	0	-147	
0	0	-147	
0	0	-147	
0	0	-147	
0	0	-147	
0	0	-147	
0	0	-147	
0	0	-147	
0	0	-147	
0	0	-147	
0	0	-147	
0	0	-147	
0	0	-147	
0	0	-147	
0	0	-147	
0	0	-147	
0	0	-147	
0	0	-147	
0	0	-147	
0	0	-147	
0	0	-147	
0	0	-147	
0	0	-147	
0	0	-147	
0	0	-147	
0	0	-147	
0	0	-147	
0	0	-147	
0	0	-147	
0	0	-147	
0	0	-147	
0	0	-147	
0	0	-147	
0	0	-147	
0	0	-147	
0	0	-147	
0	0	-147	
0	0	-7.24847	
0	0	-7.24919	
0	0	-7.24991	
0	0	-7.25063	
0	0	-1.09577	
0	0	-1.09373	
0	0	-1.09202	
0	0	-1.09061	
0	0	-1.08952	
0	0	-1.08875	
0	0	-1.08828	
0	0	-1.08813	
0	0	-1.08829	
0	0	-1.08877	
0	0	-1.08958	
0	0	-1.09071	
0	0	-1.09218	
0	0	-1.09402	
0	0	-1.0962	
0	0	-1.09859	
0	0	-1.10129	
0	0	-1.10431	
0	0	-1.10761	
0	0	-1.1113	
0	0	-1.11533	
0	0	-1.11971	
0	0	-1.12444	
0	0	-1.12952	
0	0	-1.13495	
0	0	-1.14078	
0	0	-1.147	
0	0	-1.1536	
0	0	-1.1607	
0	0	-1.16822	
0	0	-1.17622	
0	0	-147	
0	0	-147	
0	0	-147	
0	0	-147	
0	0	-147	
0	0	-147	
0	0	-147	
0	0	-147	
0	0	-147	
0	0	-147	
0	0	-147	
0	0	-147	
0	0	-147	
0	0	-147	
0	0	-147	
0	0	-147	
0	0	-147	
0	0	-147	
0	0	-147	
0	0	-147	
0	0	-147	
0	0	-147	
0	0	-147	
0	0	-147	
0	0	-147	
0	0	-147	
0	0	-147	
0	0	-147	
0	0	-147	
0	0	-147	
0	0	-147	
0	0	-147	
0	0	-147	
0	0	-147	
0	0	-147	
0	0	-147	
0	0	-147	
0	0	-147	
0	0	-147	
0	0	-147	
0	0	-147	
0	0	-147	
0	0	-147	
0	0	-147	
0	0	-147	
0	0	-147	
0	0	-147	
0	0	-147	
0	0	-147	
0	0	-147	
0	0	-147	
0	0	-147	
0	0	-147	
0	0	-147	
0	0	-147	
0	0	-147	
0	0	-147	
0	0	-147	
0	0	-147	
0	0	-147	
0	0	-147	
0	0	-147	
0	0	-147	
0	0	-147	
0	0	-147	
0	0	-147	
0	0	-147	
0	0	-147	
0	0	-147	
0	0	-147	
0	0	-147	
0	0	-147	
0	0	-147	
0	0	-147	
0	0	-147	
0	0	-147	
0	0	-147	
0	0	-147	
0	0	-147	
0	0	-147	
0	0	-147	
0	0	-147	
0	0	-147	
0	0	-147	
0	0	-147	
0	0	-147	
0	0	-147	
0	0	-147	
0	0	-147	
0	0	-147	
0	0	-147	
0	0	-147	
0	0	-147	
0	0	-147	
0	0	-147	
0	0	-147	
0	0	-147	
0	0	-147	
0	0	-147	
0	0	-147	
0	0	-147	
0	0	-147	
0	0	-147	
0	0	-147	
0	0	-147	
0	0	-147	
0	0	-147	
0	0	-147	
0	0	-147	
0	0	-147	
0	0	-147	
0	0	-147	
0	0	-147	
0	0	-147	
0	0	-147	
0	0	-147	
0	0	-147	
0	0	-147	
0	0	-147	
0	0	-147	
0	0	-147	
0	0	-147	
0	0	-147	
0	0	-147	
0	0	-147	
0	0	-147	
0	0	-147	
0	0	-147	
0	0	-147	
0	0	-147	
0	0	-147	
0	0	-147	
0	0	-147	
0	0	-147	
0	0	-147	
0	0	-147	
0	0	-147	
0	0	-147	
0	0	-147	
0	0	-147	
0	0	-147	
0	0	-147	
0	0	-147	
0	0	-147	
0	0	-147	
0	0	-147	
0	0	-147	
0	0	-147	
0	0	-147	
0	0	-147	
0	0	-147	
0	0	-147	
0	0	-147	
0	0	-147	
0	0	-147	
0	0	-147	
0	0	-147	
0	0	-147	
0	0	-147	
0	0	-147	
0	0	-147	
0	0	-147	
0	0	-147	
0	0	-147	
0	0	-147	
0	0	-147	
0	0	-147	
0	0	-147	
0	0	-147	
0	0	-147	
0	0	-147	
0	0	-147	
0	0	-147	
0	0	-147	
0	0	-147	
0	0	-147	
0	0	-147	
0	0	-147	
0	0	-147	
0	0	-147	
0	0	-147	
0	0	-147	
0	0	-147	
0	0	-147	
0	0	-147	
0	0	-147	
0	0	-7.33153	
0	0	-7.33214	
0	0	-7.33246	
0	0	-7.33296	
0	0	-7.33408	
0	0	-7.33512	
0	0	-7.33626	
0	0	-7.33758	
0	0	-7.33934	
0	0	-7.34158	
0	0	-7.3445	
0	0	-7.34819	
0	0	-7.34722	
0	0	-7.34161	
0	0	-7.33485	
0	0	-7.32681	
0	0	-7.31736	
0	0	-7.30639	
0	0	-7.29379	
0	0	-7.27945	
0	0	-7.2633	
0	0	-7.2453	
0	0	-7.22543	
0	0	-7.20378	
0	0	-7.1801	
0	0	-7.15395	
0	0	-7.12538	
0	0	-7.09434	
0	0	-7.06082	
0	0	-7.0248	
0	0	-6.98626	
0	0	-1.59337	
0	0	-1.62244	
0	0	-1.65257	
0	0	-1.68381	
0	0	-1.71618	
0	0	-1.74975	
0	0	-1.78454	
0	0	-1.82061	
0	0	-1.858	
0	0	-1.89678	
0	0	-1.93698	
0	0	-1.97867	
0	0	-2.0219	
0	0	-2.06673	
0	0	-2.11324	
0	0	-2.16147	
0	0	-2.2115	
0	0	-2.26341	
0	0	-2.31727	
0	0	-2.37314	
0	0	-2.43113	
0	0	-2.4913	
0	0	-2.55375	
0	0	-2.61856	
0	0	-2.68584	
0	0	-2.75568	
0	0	-2.82819	
0	0	-2.90346	
0	0	-2.98162	
0	0	-3.06278	
0	0	-3.14706	
