0	0	-147	
0	0	-147	
0	0	-147	
0	0	-147	
0	0	-147	
0	0	-147	
0	0	-147	
0	0	-147	
0	0	-147	
0	0	-147	
0	0	-147	
0	0	-147	
0	0	-147	
0	0	-147	
0	0	-147	
0	0	-147	
0	0	-147	
0	0	-147	
0	0	-147	
0	0	-147	
0	0	-147	
0	0	-147	
0	0	-147	
0	0	-147	
0	0	-147	
0	0	-147	
0	0	-147	
0	0	-147	
0	0	-147	
0	0	-147	
0	0	-147	
0	0	-147	
0	0	-147	
0	0	-147	
0	0	-147	
0	0	-147	
0	0	-147	
0	0	-147	
0	0	-147	
0	0	-147	
0	0	-147	
0	0	-147	
0	0	-147	
0	0	-147	
0	0	-147	
0	0	-147	
0	0	-147	
0	0	-147	
0	0	-147	
0	0	-147	
0	0	-147	
0	0	-147	
0	0	-147	
0	0	-147	
0	0	-147	
0	0	-147	
0	0	-147	
0	0	-147	
0	0	-147	
0	0	-147	
0	0	-147	
0	0	-147	
0	0	-147	
0	0	-147	
0	0	-147	
0	0	-147	
0	0	-147	
0	0	-147	
0	0	-147	
0	0	-147	
0	0	-147	
0	0	-147	
0	0	-147	
0	0	-147	
0	0	-147	
0	0	-147	
0	0	-147	
0	0	-147	
0	0	-147	
0	0	-147	
0	0	-147	
0	0	-147	
0	0	-147	
0	0	-147	
0	0	-147	
0	0	-147	
0	0	-147	
0	0	-147	
0	0	-147	
0	0	-147	
0	0	-147	
0	0	-147	
0	0	-147	
0	0	-147	
0	0	-147	
0	0	-147	
0	0	-147	
0	0	-147	
0	0	-147	
0	0	-147	
0	0	-147	
0	0	-147	
0	0	-147	
0	0	-147	
0	0	-147	
0	0	-147	
0	0	-147	
0	0	-147	
0	0	-147	
0	0	-147	
0	0	-147	
0	0	-147	
0	0	-147	
0	0	-147	
0	0	-147	
0	0	-147	
0	0	-147	
0	0	-147	
0	0	-147	
0	0	-147	
0	0	-147	
0	0	-147	
0	0	-147	
0	0	-147	
0	0	-1.20464	
0	0	-1.18054	
0	0	-1.1571	
0	0	-1.1343	
0	0	-1.11212	
0	0	-1.09056	
0	0	-1.0696	
0	0	-1.04923	
0	0	-1.02942	
0	0	-1.01019	
0	0	-0.991592	
0	0	-0.973641	
0	0	-0.956115	
0	0	-0.939133	
0	0	-0.922677	
0	0	-0.906746	
0	0	-0.891333	
0	0	-0.876428	
0	0	-0.861924	
0	0	-0.847923	
0	0	-0.834399	
0	0	-0.821339	
0	0	-0.808686	
0	0	-0.796573	
0	0	-0.784933	
0	0	-0.773739	
0	0	-0.762977	
0	0	-0.752625	
0	0	-0.742667	
0	0	-0.73319	
0	0	-0.724119	
0	0	-147	
0	0	-147	
0	0	-147	
0	0	-147	
0	0	-147	
0	0	-147	
0	0	-147	
0	0	-147	
0	0	-147	
0	0	-147	
0	0	-147	
0	0	-147	
0	0	-147	
0	0	-147	
0	0	-147	
0	0	-147	
0	0	-147	
0	0	-147	
0	0	-147	
0	0	-147	
0	0	-147	
0	0	-147	
0	0	-147	
0	0	-147	
0	0	-147	
0	0	-147	
0	0	-147	
0	0	-147	
0	0	-147	
0	0	-147	
0	0	-147	
0	0	-147	
0	0	-147	
0	0	-147	
0	0	-147	
0	0	-147	
0	0	-147	
0	0	-147	
0	0	-147	
0	0	-147	
0	0	-147	
0	0	-147	
0	0	-147	
0	0	-147	
0	0	-147	
0	0	-147	
0	0	-147	
0	0	-147	
0	0	-147	
0	0	-147	
0	0	-147	
0	0	-147	
0	0	-147	
0	0	-147	
0	0	-147	
0	0	-147	
0	0	-147	
0	0	-147	
0	0	-147	
0	0	-147	
0	0	-147	
0	0	-147	
0	0	-147	
0	0	-147	
0	0	-147	
0	0	-147	
0	0	-147	
0	0	-147	
0	0	-147	
0	0	-147	
0	0	-147	
0	0	-147	
0	0	-147	
0	0	-147	
0	0	-147	
0	0	-147	
0	0	-147	
0	0	-147	
0	0	-147	
0	0	-147	
0	0	-147	
0	0	-147	
0	0	-147	
0	0	-147	
0	0	-147	
0	0	-147	
0	0	-147	
0	0	-147	
0	0	-147	
0	0	-147	
0	0	-147	
0	0	-147	
0	0	-147	
0	0	-147	
0	0	-147	
0	0	-147	
0	0	-147	
0	0	-147	
0	0	-147	
0	0	-147	
0	0	-147	
0	0	-147	
0	0	-147	
0	0	-147	
0	0	-147	
0	0	-147	
0	0	-147	
0	0	-147	
0	0	-147	
0	0	-147	
0	0	-147	
0	0	-147	
0	0	-147	
0	0	-147	
0	0	-147	
0	0	-147	
0	0	-147	
0	0	-147	
0	0	-147	
0	0	-147	
0	0	-147	
0	0	-147	
0	0	-147	
0	0	-147	
0	0	-147	
0	0	-147	
0	0	-147	
0	0	-147	
0	0	-147	
0	0	-147	
0	0	-147	
0	0	-147	
0	0	-147	
0	0	-147	
0	0	-147	
0	0	-147	
0	0	-147	
0	0	-147	
0	0	-147	
0	0	-147	
0	0	-147	
0	0	-147	
0	0	-147	
0	0	-147	
0	0	-147	
0	0	-147	
0	0	-147	
0	0	-147	
0	0	-147	
0	0	-147	
0	0	-147	
0	0	-147	
0	0	-147	
0	0	-147	
0	0	-147	
0	0	-7.33325	
0	0	-7.33244	
0	0	-7.32572	
0	0	-7.32601	
0	0	-7.3263	
0	0	-7.32657	
0	0	-7.32683	
0	0	-7.32709	
0	0	-7.32735	
0	0	-7.3276	
0	0	-7.32785	
0	0	-7.32809	
0	0	-7.32833	
0	0	-7.32857	
0	0	-7.32879	
0	0	-7.32902	
0	0	-7.32924	
0	0	-7.32945	
0	0	-7.32966	
0	0	-7.32986	
0	0	-7.33006	
0	0	-7.33025	
0	0	-7.33043	
0	0	-7.33061	
0	0	-7.33079	
0	0	-7.33095	
0	0	-7.33111	
0	0	-7.33127	
0	0	-7.33142	
0	0	-7.33156	
0	0	-7.3317	
0	0	-3.76611	
0	0	-3.77239	
0	0	-3.77953	
0	0	-3.78707	
0	0	-3.79512	
0	0	-3.80386	
0	0	-3.81326	
0	0	-3.82334	
0	0	-3.83409	
0	0	-3.84552	
0	0	-3.85762	
0	0	-3.87041	
0	0	-3.88389	
0	0	-3.89807	
0	0	-3.91298	
0	0	-3.92861	
0	0	-3.9566	
0	0	-3.97251	
0	0	-3.98832	
0	0	-147	
0	0	-147	
0	0	-147	
0	0	-147	
0	0	-147	
0	0	-147	
0	0	-147	
0	0	-147	
0	0	-147	
0	0	-147	
0	0	-147	
0	0	-147	
0	0	-147	
0	0	-147	
0	0	-147	
0	0	-147	
0	0	-147	
0	0	-147	
0	0	-147	
0	0	-147	
0	0	-147	
0	0	-147	
0	0	-147	
0	0	-147	
0	0	-147	
0	0	-147	
0	0	-147	
0	0	-147	
0	0	-147	
0	0	-147	
0	0	-147	
0	0	-147	
0	0	-147	
0	0	-147	
0	0	-147	
0	0	-147	
0	0	-147	
0	0	-147	
0	0	-147	
0	0	-147	
0	0	-147	
0	0	-147	
0	0	-147	
0	0	-147	
0	0	-147	
0	0	-147	
0	0	-147	
0	0	-147	
0	0	-147	
0	0	-147	
0	0	-147	
0	0	-147	
0	0	-147	
0	0	-147	
0	0	-147	
0	0	-147	
0	0	-147	
0	0	-147	
0	0	-147	
0	0	-147	
0	0	-147	
0	0	-147	
0	0	-147	
0	0	-147	
0	0	-147	
0	0	-147	
0	0	-147	
0	0	-147	
0	0	-147	
0	0	-147	
0	0	-147	
0	0	-147	
0	0	-147	
0	0	-147	
0	0	-147	
0	0	-147	
0	0	-147	
0	0	-147	
0	0	-147	
0	0	-147	
0	0	-147	
0	0	-147	
0	0	-147	
0	0	-147	
0	0	-147	
0	0	-147	
0	0	-147	
0	0	-147	
0	0	-147	
0	0	-147	
0	0	-147	
0	0	-147	
0	0	-147	
0	0	-147	
0	0	-147	
0	0	-147	
0	0	-147	
0	0	-147	
0	0	-147	
0	0	-147	
0	0	-147	
0	0	-147	
0	0	-147	
0	0	-147	
0	0	-147	
0	0	-147	
0	0	-147	
0	0	-147	
0	0	-147	
0	0	-147	
0	0	-147	
0	0	-147	
0	0	-147	
0	0	-147	
0	0	-147	
0	0	-147	
0	0	-147	
0	0	-147	
0	0	-147	
0	0	-147	
0	0	-147	
0	0	-147	
0	0	-147	
0	0	-147	
0	0	-147	
0	0	-147	
0	0	-147	
0	0	-147	
0	0	-147	
0	0	-147	
0	0	-147	
0	0	-147	
0	0	-147	
0	0	-147	
0	0	-147	
0	0	-147	
0	0	-147	
0	0	-147	
0	0	-147	
0	0	-147	
0	0	-147	
0	0	-147	
0	0	-147	
0	0	-147	
0	0	-147	
0	0	-147	
0	0	-147	
0	0	-147	
0	0	-147	
0	0	-147	
0	0	-147	
0	0	-147	
0	0	-147	
0	0	-147	
0	0	-147	
0	0	-147	
0	0	-147	
0	0	-147	
0	0	-147	
0	0	-147	
0	0	-147	
0	0	-147	
0	0	-147	
0	0	-147	
0	0	-147	
0	0	-147	
0	0	-147	
0	0	-147	
0	0	-147	
0	0	-147	
0	0	-147	
0	0	-147	
0	0	-147	
0	0	-147	
0	0	-147	
0	0	-147	
0	0	-147	
0	0	-147	
0	0	-147	
0	0	-147	
0	0	-147	
0	0	-147	
0	0	-147	
0	0	-147	
0	0	-147	
0	0	-147	
0	0	-147	
0	0	-147	
0	0	-147	
0	0	-147	
0	0	-147	
0	0	-147	
0	0	-147	
0	0	-147	
0	0	-147	
0	0	-147	
0	0	-147	
0	0	-147	
0	0	-147	
0	0	-147	
0	0	-147	
0	0	-147	
0	0	-147	
0	0	-147	
0	0	-147	
0	0	-147	
0	0	-147	
0	0	-147	
0	0	-147	
0	0	-147	
0	0	-147	
0	0	-147	
0	0	-147	
0	0	-147	
0	0	-147	
0	0	-147	
0	0	-147	
0	0	-147	
0	0	-147	
0	0	-147	
0	0	-147	
0	0	-147	
0	0	-147	
0	0	-147	
0	0	-147	
0	0	-147	
0	0	-147	
0	0	-147	
0	0	-147	
0	0	-147	
0	0	-147	
0	0	-147	
0	0	-147	
0	0	-147	
0	0	-147	
0	0	-147	
0	0	-147	
0	0	-147	
0	0	-147	
0	0	-147	
0	0	-147	
0	0	-147	
0	0	-147	
0	0	-147	
0	0	-147	
0	0	-147	
0	0	-147	
0	0	-147	
0	0	-147	
0	0	-147	
0	0	-147	
0	0	-147	
0	0	-147	
0	0	-147	
0	0	-147	
0	0	-147	
0	0	-147	
0	0	-147	
0	0	-147	
0	0	-147	
0	0	-147	
0	0	-147	
0	0	-147	
0	0	-147	
0	0	-147	
0	0	-147	
0	0	-147	
0	0	-147	
0	0	-147	
0	0	-147	
0	0	-147	
0	0	-147	
0	0	-147	
0	0	-147	
0	0	-147	
0	0	-147	
0	0	-147	
0	0	-147	
0	0	-147	
0	0	-147	
0	0	-147	
0	0	-147	
0	0	-147	
0	0	-147	
0	0	-147	
0	0	-147	
0	0	-147	
0	0	-147	
0	0	-147	
0	0	-147	
0	0	-147	
0	0	-147	
0	0	-147	
0	0	-147	
0	0	-147	
0	0	-147	
0	0	-147	
0	0	-147	
0	0	-147	
0	0	-147	
0	0	-147	
0	0	-147	
0	0	-147	
0	0	-147	
0	0	-147	
0	0	-147	
0	0	-147	
0	0	-147	
0	0	-147	
0	0	-147	
0	0	-147	
0	0	-147	
0	0	-147	
0	0	-147	
0	0	-147	
0	0	-147	
0	0	-147	
0	0	-147	
0	0	-147	
0	0	-147	
0	0	-147	
0	0	-147	
0	0	-147	
0	0	-147	
0	0	-147	
0	0	-147	
0	0	-147	
0	0	-147	
0	0	-147	
0	0	-147	
0	0	-147	
0	0	-147	
0	0	-147	
0	0	-147	
0	0	-147	
0	0	-147	
0	0	-147	
0	0	-147	
0	0	-147	
0	0	-147	
0	0	-147	
0	0	-147	
0	0	-147	
0	0	-147	
0	0	-147	
0	0	-147	
0	0	-147	
0	0	-147	
0	0	-147	
0	0	-147	
0	0	-147	
0	0	-147	
0	0	-147	
0	0	-147	
0	0	-147	
0	0	-147	
0	0	-147	
0	0	-147	
0	0	-147	
0	0	-147	
0	0	-147	
0	0	-147	
0	0	-147	
0	0	-147	
0	0	-147	
0	0	-147	
0	0	-147	
0	0	-147	
0	0	-147	
0	0	-147	
0	0	-147	
0	0	-147	
0	0	-147	
0	0	-147	
0	0	-147	
0	0	-147	
0	0	-147	
0	0	-147	
0	0	-147	
0	0	-147	
0	0	-147	
0	0	-147	
0	0	-147	
0	0	-147	
0	0	-147	
0	0	-147	
0	0	-147	
0	0	-147	
0	0	-147	
0	0	-147	
0	0	-147	
0	0	-147	
0	0	-147	
0	0	-147	
0	0	-147	
0	0	-147	
0	0	-147	
0	0	-147	
0	0	-147	
0	0	-147	
0	0	-147	
0	0	-147	
0	0	-147	
0	0	-147	
0	0	-147	
0	0	-147	
0	0	-147	
0	0	-147	
0	0	-147	
0	0	-147	
0	0	-147	
0	0	-147	
0	0	-147	
0	0	-147	
0	0	-147	
0	0	-7.33764	
0	0	-7.34046	
0	0	-7.34347	
0	0	-7.34672	
0	0	-7.34985	
0	0	-7.34624	
0	0	-7.34242	
0	0	-7.33834	
0	0	-7.33389	
0	0	-7.32829	
0	0	-7.33272	
0	0	-7.33362	
0	0	-7.33103	
0	0	-7.33361	
0	0	-7.33405	
0	0	-7.33372	
0	0	-7.33284	
0	0	-7.33001	
0	0	-7.33327	
0	0	-7.33423	
0	0	-7.33227	
0	0	-7.33245	
0	0	-7.33358	
0	0	-7.33299	
0	0	-7.33219	
0	0	-7.33296	
0	0	-7.33329	
0	0	-7.33324	
0	0	-7.33281	
0	0	-7.33157	
0	0	-7.33276	
0	0	-1.23164	
0	0	-1.22268	
0	0	-1.21405	
0	0	-1.20571	
0	0	-1.19765	
0	0	-1.18984	
0	0	-1.18229	
0	0	-1.17498	
0	0	-1.16792	
0	0	-1.16111	
0	0	-1.15454	
0	0	-1.14822	
0	0	-1.14214	
0	0	-1.1363	
0	0	-1.13072	
0	0	-1.1253	
0	0	-1.12008	
0	0	-1.11507	
0	0	-1.11026	
0	0	-1.10567	
0	0	-1.10128	
0	0	-1.09709	
0	0	-1.09302	
0	0	-1.08913	
0	0	-1.08547	
0	0	-1.08201	
0	0	-1.07876	
0	0	-1.07576	
0	0	-1.07291	
0	0	-1.07024	
0	0	-1.06766	
0	0	-3.69248	
0	0	-3.69086	
0	0	-3.68927	
0	0	-3.68769	
0	0	-3.68612	
0	0	-3.68456	
0	0	-3.68301	
0	0	-3.68147	
0	0	-3.67993	
0	0	-3.67841	
0	0	-3.67692	
0	0	-3.6755	
0	0	-3.67414	
0	0	-3.67273	
0	0	-3.67129	
0	0	-3.66986	
0	0	-3.6685	
0	0	-3.66718	
0	0	-3.66588	
0	0	-3.66459	
0	0	-3.66324	
0	0	-3.66187	
0	0	-3.66054	
0	0	-3.65924	
0	0	-3.65797	
0	0	-3.65681	
0	0	-3.65571	
0	0	-3.65462	
0	0	-3.65356	
0	0	-3.65251	
0	0	-3.65143	
0	0	-147	
0	0	-147	
0	0	-147	
0	0	-147	
0	0	-147	
0	0	-147	
0	0	-147	
0	0	-147	
0	0	-147	
0	0	-147	
0	0	-147	
0	0	-147	
0	0	-147	
0	0	-147	
0	0	-147	
0	0	-147	
0	0	-147	
0	0	-147	
0	0	-147	
0	0	-147	
0	0	-147	
0	0	-147	
0	0	-147	
0	0	-147	
0	0	-147	
0	0	-147	
0	0	-147	
0	0	-147	
0	0	-147	
0	0	-147	
0	0	-147	
0	0	-147	
0	0	-147	
0	0	-147	
0	0	-147	
0	0	-147	
0	0	-147	
0	0	-147	
0	0	-147	
0	0	-147	
0	0	-147	
0	0	-147	
0	0	-147	
0	0	-147	
0	0	-147	
0	0	-147	
0	0	-147	
0	0	-147	
0	0	-147	
0	0	-147	
0	0	-147	
0	0	-147	
0	0	-147	
0	0	-147	
0	0	-147	
0	0	-147	
0	0	-147	
0	0	-147	
0	0	-147	
0	0	-147	
0	0	-147	
0	0	-147	
0	0	-147	
0	0	-147	
0	0	-147	
0	0	-147	
0	0	-147	
0	0	-147	
0	0	-147	
0	0	-147	
0	0	-147	
0	0	-147	
0	0	-147	
0	0	-147	
0	0	-147	
0	0	-147	
0	0	-147	
0	0	-147	
0	0	-147	
0	0	-147	
0	0	-147	
0	0	-147	
0	0	-147	
0	0	-147	
0	0	-147	
0	0	-147	
0	0	-147	
0	0	-147	
0	0	-147	
0	0	-147	
0	0	-147	
0	0	-147	
0	0	-147	
0	0	-147	
0	0	-147	
0	0	-147	
0	0	-147	
0	0	-147	
0	0	-147	
0	0	-147	
0	0	-147	
0	0	-147	
0	0	-147	
0	0	-147	
0	0	-147	
0	0	-147	
0	0	-147	
0	0	-147	
0	0	-147	
0	0	-147	
0	0	-147	
0	0	-147	
0	0	-147	
0	0	-147	
0	0	-147	
0	0	-147	
0	0	-147	
0	0	-147	
0	0	-147	
0	0	-147	
0	0	-147	
0	0	-147	
0	0	-147	
0	0	-147	
0	0	-147	
0	0	-147	
0	0	-147	
0	0	-147	
0	0	-147	
0	0	-147	
0	0	-147	
0	0	-147	
0	0	-147	
0	0	-147	
0	0	-147	
0	0	-147	
0	0	-147	
0	0	-147	
0	0	-147	
0	0	-147	
0	0	-147	
0	0	-147	
0	0	-147	
0	0	-147	
0	0	-147	
0	0	-147	
0	0	-147	
0	0	-147	
0	0	-147	
0	0	-147	
0	0	-147	
0	0	-147	
0	0	-147	
0	0	-147	
0	0	-147	
0	0	-147	
0	0	-147	
0	0	-147	
0	0	-147	
0	0	-147	
0	0	-147	
0	0	-147	
0	0	-147	
0	0	-147	
0	0	-147	
0	0	-147	
0	0	-147	
0	0	-147	
0	0	-147	
0	0	-147	
0	0	-147	
0	0	-147	
0	0	-147	
0	0	-147	
0	0	-147	
0	0	-147	
0	0	-147	
0	0	-147	
0	0	-147	
0	0	-147	
0	0	-147	
0	0	-147	
0	0	-147	
0	0	-147	
0	0	-147	
0	0	-147	
0	0	-147	
0	0	-147	
0	0	-147	
0	0	-147	
0	0	-147	
0	0	-147	
0	0	-147	
0	0	-147	
0	0	-147	
0	0	-147	
0	0	-147	
0	0	-147	
0	0	-147	
0	0	-147	
0	0	-147	
0	0	-147	
0	0	-147	
0	0	-147	
0	0	-147	
0	0	-147	
0	0	-147	
0	0	-147	
0	0	-147	
0	0	-147	
0	0	-147	
0	0	-147	
0	0	-147	
0	0	-147	
0	0	-147	
0	0	-147	
0	0	-147	
0	0	-147	
0	0	-147	
0	0	-147	
0	0	-147	
0	0	-147	
0	0	-147	
0	0	-147	
0	0	-147	
0	0	-147	
0	0	-147	
0	0	-147	
0	0	-147	
0	0	-147	
0	0	-147	
0	0	-147	
0	0	-147	
0	0	-147	
0	0	-147	
0	0	-147	
0	0	-147	
0	0	-147	
0	0	-147	
0	0	-147	
0	0	-147	
0	0	-147	
0	0	-147	
0	0	-147	
0	0	-147	
0	0	-147	
0	0	-147	
0	0	-147	
0	0	-4.83306	
0	0	-4.75343	
0	0	-4.67394	
0	0	-4.59472	
0	0	-4.51585	
0	0	-4.43745	
0	0	-4.35971	
0	0	-4.28197	
0	0	-4.20483	
0	0	-4.12766	
0	0	-4.05208	
0	0	-3.97719	
0	0	-3.90313	
0	0	-3.82993	
0	0	-3.75763	
0	0	-3.68625	
0	0	-3.61579	
0	0	-3.54625	
0	0	-3.47759	
0	0	-3.41044	
0	0	-3.34441	
0	0	-3.27954	
0	0	-3.21586	
0	0	-3.1534	
0	0	-3.0923	
0	0	-3.03242	
0	0	-2.97446	
0	0	-2.91721	
0	0	-2.86076	
0	0	-2.80561	
0	0	-2.75177	
0	0	-147	
0	0	-147	
0	0	-147	
0	0	-147	
0	0	-147	
0	0	-147	
0	0	-147	
0	0	-147	
0	0	-147	
0	0	-147	
0	0	-147	
0	0	-147	
0	0	-147	
0	0	-147	
0	0	-147	
0	0	-147	
0	0	-147	
0	0	-147	
0	0	-147	
0	0	-147	
0	0	-147	
0	0	-147	
0	0	-147	
0	0	-147	
0	0	-147	
0	0	-147	
0	0	-147	
0	0	-147	
0	0	-147	
0	0	-147	
0	0	-147	
0	0	-147	
0	0	-147	
0	0	-147	
0	0	-147	
0	0	-147	
0	0	-147	
0	0	-147	
0	0	-147	
0	0	-147	
0	0	-147	
0	0	-147	
0	0	-147	
0	0	-147	
0	0	-147	
0	0	-147	
0	0	-147	
0	0	-147	
0	0	-147	
0	0	-147	
0	0	-147	
0	0	-147	
0	0	-147	
0	0	-147	
0	0	-147	
0	0	-147	
0	0	-147	
0	0	-147	
0	0	-147	
0	0	-147	
0	0	-147	
0	0	-147	
0	0	-147	
0	0	-147	
0	0	-147	
0	0	-147	
0	0	-147	
0	0	-147	
0	0	-147	
0	0	-147	
0	0	-147	
0	0	-147	
0	0	-147	
0	0	-147	
0	0	-147	
0	0	-147	
0	0	-147	
0	0	-147	
0	0	-147	
0	0	-147	
0	0	-147	
0	0	-147	
0	0	-147	
0	0	-147	
0	0	-147	
0	0	-147	
0	0	-147	
0	0	-147	
0	0	-147	
0	0	-147	
0	0	-147	
0	0	-147	
0	0	-147	
0	0	-147	
0	0	-147	
0	0	-147	
0	0	-147	
0	0	-147	
0	0	-147	
0	0	-147	
0	0	-147	
0	0	-147	
0	0	-147	
0	0	-147	
0	0	-147	
0	0	-147	
0	0	-147	
0	0	-147	
0	0	-147	
0	0	-147	
0	0	-147	
0	0	-147	
0	0	-147	
0	0	-147	
0	0	-147	
0	0	-147	
0	0	-147	
0	0	-147	
0	0	-147	
0	0	-147	
0	0	-147	
0	0	-147	
0	0	-147	
0	0	-147	
0	0	-147	
0	0	-147	
0	0	-147	
0	0	-147	
0	0	-147	
0	0	-147	
0	0	-147	
0	0	-147	
0	0	-147	
0	0	-147	
0	0	-147	
0	0	-147	
0	0	-147	
0	0	-147	
0	0	-147	
0	0	-147	
0	0	-147	
0	0	-147	
0	0	-147	
0	0	-147	
0	0	-147	
0	0	-147	
0	0	-147	
0	0	-147	
0	0	-147	
0	0	-147	
0	0	-147	
0	0	-147	
0	0	-147	
0	0	-147	
0	0	-147	
0	0	-147	
0	0	-147	
0	0	-147	
0	0	-147	
0	0	-147	
0	0	-147	
0	0	-147	
0	0	-147	
0	0	-147	
0	0	-147	
0	0	-147	
0	0	-147	
0	0	-147	
0	0	-147	
0	0	-147	
0	0	-147	
0	0	-147	
0	0	-147	
0	0	-147	
0	0	-147	
0	0	-147	
0	0	-147	
0	0	-147	
0	0	-147	
0	0	-147	
0	0	-147	
0	0	-147	
0	0	-147	
0	0	-147	
0	0	-147	
0	0	-147	
0	0	-147	
0	0	-147	
0	0	-147	
0	0	-147	
0	0	-147	
0	0	-147	
0	0	-147	
0	0	-147	
0	0	-147	
0	0	-147	
0	0	-147	
0	0	-147	
0	0	-147	
0	0	-147	
0	0	-147	
0	0	-147	
0	0	-147	
0	0	-147	
0	0	-147	
0	0	-147	
0	0	-147	
0	0	-147	
0	0	-147	
0	0	-147	
0	0	-147	
0	0	-147	
0	0	-147	
0	0	-147	
0	0	-147	
0	0	-147	
0	0	-147	
0	0	-147	
0	0	-147	
0	0	-147	
0	0	-147	
0	0	-147	
0	0	-147	
0	0	-147	
0	0	-147	
0	0	-147	
0	0	-147	
0	0	-147	
0	0	-147	
0	0	-147	
0	0	-147	
0	0	-147	
0	0	-147	
0	0	-147	
0	0	-147	
0	0	-147	
0	0	-147	
0	0	-147	
0	0	-147	
0	0	-147	
0	0	-147	
0	0	-147	
0	0	-147	
0	0	-147	
0	0	-147	
0	0	-147	
0	0	-147	
0	0	-147	
0	0	-147	
0	0	-147	
0	0	-147	
0	0	-147	
0	0	-147	
0	0	-147	
0	0	-147	
0	0	-147	
0	0	-147	
0	0	-147	
0	0	-147	
0	0	-147	
0	0	-147	
0	0	-147	
0	0	-147	
0	0	-147	
0	0	-147	
0	0	-147	
0	0	-147	
0	0	-147	
0	0	-147	
0	0	-147	
0	0	-147	
0	0	-147	
0	0	-147	
0	0	-147	
0	0	-147	
0	0	-147	
0	0	-147	
0	0	-147	
0	0	-147	
0	0	-147	
0	0	-147	
0	0	-147	
0	0	-147	
0	0	-147	
0	0	-147	
0	0	-147	
0	0	-147	
0	0	-147	
0	0	-147	
0	0	-147	
0	0	-147	
0	0	-147	
0	0	-147	
0	0	-147	
0	0	-147	
0	0	-147	
0	0	-147	
0	0	-147	
0	0	-147	
0	0	-147	
0	0	-147	
0	0	-147	
0	0	-147	
0	0	-147	
0	0	-147	
0	0	-147	
0	0	-147	
0	0	-147	
0	0	-147	
0	0	-147	
0	0	-147	
0	0	-147	
0	0	-147	
0	0	-147	
0	0	-147	
0	0	-147	
0	0	-147	
0	0	-147	
0	0	-147	
0	0	-147	
0	0	-147	
0	0	-147	
0	0	-147	
0	0	-147	
0	0	-147	
0	0	-147	
0	0	-147	
0	0	-147	
0	0	-147	
0	0	-147	
0	0	-147	
0	0	-147	
0	0	-147	
0	0	-147	
0	0	-147	
0	0	-147	
0	0	-147	
0	0	-147	
0	0	-147	
0	0	-147	
0	0	-147	
0	0	-147	
0	0	-147	
0	0	-147	
0	0	-147	
0	0	-147	
0	0	-147	
0	0	-147	
0	0	-147	
0	0	-147	
0	0	-147	
0	0	-147	
0	0	-147	
0	0	-147	
0	0	-147	
0	0	-147	
0	0	-147	
0	0	-147	
0	0	-147	
0	0	-147	
0	0	-147	
0	0	-147	
0	0	-147	
0	0	-147	
0	0	-147	
0	0	-147	
0	0	-147	
0	0	-147	
0	0	-147	
0	0	-147	
0	0	-147	
0	0	-147	
0	0	-147	
0	0	-147	
0	0	-147	
0	0	-147	
0	0	-147	
0	0	-147	
0	0	-147	
0	0	-147	
0	0	-147	
0	0	-147	
0	0	-147	
0	0	-147	
0	0	-147	
0	0	-147	
0	0	-147	
0	0	-147	
0	0	-147	
0	0	-147	
0	0	-147	
0	0	-147	
0	0	-147	
0	0	-147	
0	0	-147	
0	0	-147	
0	0	-147	
0	0	-147	
0	0	-147	
0	0	-147	
0	0	-147	
0	0	-147	
0	0	-147	
0	0	-147	
0	0	-147	
0	0	-147	
0	0	-147	
0	0	-147	
0	0	-147	
0	0	-147	
0	0	-147	
0	0	-147	
0	0	-147	
0	0	-147	
0	0	-147	
0	0	-147	
0	0	-147	
0	0	-147	
0	0	-147	
0	0	-147	
0	0	-147	
0	0	-147	
0	0	-147	
0	0	-147	
0	0	-147	
0	0	-147	
0	0	-147	
0	0	-147	
0	0	-147	
0	0	-147	
0	0	-147	
0	0	-147	
0	0	-147	
0	0	-147	
0	0	-147	
0	0	-147	
0	0	-147	
0	0	-147	
0	0	-147	
0	0	-147	
0	0	-147	
0	0	-147	
0	0	-147	
0	0	-147	
0	0	-147	
0	0	-147	
0	0	-147	
0	0	-147	
0	0	-147	
0	0	-147	
0	0	-147	
0	0	-147	
0	0	-147	
0	0	-147	
0	0	-147	
0	0	-147	
0	0	-147	
0	0	-147	
0	0	-147	
0	0	-147	
0	0	-147	
0	0	-147	
0	0	-147	
0	0	-147	
0	0	-147	
0	0	-147	
0	0	-147	
0	0	-147	
0	0	-147	
0	0	-147	
0	0	-147	
0	0	-147	
0	0	-147	
0	0	-147	
0	0	-147	
0	0	-147	
0	0	-147	
0	0	-147	
0	0	-147	
0	0	-147	
0	0	-147	
0	0	-147	
0	0	-147	
0	0	-147	
0	0	-147	
0	0	-147	
0	0	-147	
0	0	-147	
0	0	-147	
0	0	-147	
0	0	-147	
0	0	-147	
0	0	-147	
0	0	-147	
0	0	-147	
0	0	-147	
0	0	-147	
0	0	-147	
0	0	-147	
0	0	-147	
0	0	-147	
0	0	-147	
0	0	-147	
0	0	-147	
0	0	-147	
0	0	-147	
0	0	-147	
0	0	-147	
0	0	-147	
0	0	-147	
0	0	-147	
0	0	-147	
0	0	-147	
0	0	-147	
0	0	-147	
0	0	-147	
0	0	-147	
0	0	-147	
0	0	-147	
0	0	-147	
0	0	-147	
0	0	-147	
0	0	-147	
0	0	-147	
0	0	-147	
0	0	-147	
0	0	-147	
0	0	-147	
0	0	-147	
0	0	-147	
0	0	-147	
0	0	-147	
0	0	-147	
0	0	-147	
0	0	-147	
0	0	-147	
0	0	-147	
0	0	-147	
0	0	-147	
0	0	-147	
0	0	-147	
0	0	-147	
0	0	-147	
0	0	-147	
0	0	-147	
0	0	-147	
0	0	-147	
0	0	-147	
0	0	-147	
0	0	-147	
0	0	-147	
0	0	-147	
0	0	-147	
0	0	-147	
0	0	-147	
0	0	-147	
0	0	-147	
0	0	-147	
0	0	-147	
0	0	-147	
0	0	-147	
0	0	-147	
0	0	-147	
0	0	-147	
0	0	-147	
0	0	-147	
0	0	-147	
0	0	-147	
0	0	-147	
0	0	-147	
0	0	-147	
0	0	-147	
0	0	-147	
0	0	-147	
0	0	-147	
0	0	-147	
0	0	-147	
0	0	-147	
0	0	-147	
0	0	-147	
0	0	-147	
0	0	-147	
0	0	-147	
0	0	-147	
0	0	-147	
0	0	-147	
0	0	-147	
0	0	-147	
0	0	-147	
0	0	-147	
0	0	-147	
0	0	-147	
0	0	-147	
0	0	-147	
0	0	-147	
0	0	-147	
0	0	-147	
0	0	-147	
0	0	-147	
0	0	-147	
0	0	-147	
0	0	-147	
0	0	-147	
0	0	-147	
0	0	-147	
0	0	-147	
0	0	-147	
0	0	-147	
0	0	-147	
0	0	-147	
0	0	-147	
0	0	-147	
0	0	-147	
0	0	-147	
0	0	-147	
0	0	-147	
0	0	-147	
0	0	-147	
0	0	-147	
0	0	-147	
0	0	-147	
0	0	-147	
0	0	-147	
0	0	-147	
0	0	-147	
0	0	-147	
0	0	-147	
0	0	-147	
0	0	-147	
0	0	-147	
0	0	-147	
0	0	-147	
0	0	-147	
0	0	-147	
0	0	-147	
0	0	-147	
0	0	-147	
0	0	-147	
0	0	-147	
0	0	-147	
0	0	-147	
0	0	-147	
0	0	-147	
0	0	-147	
0	0	-147	
0	0	-147	
0	0	-147	
0	0	-147	
0	0	-147	
0	0	-147	
0	0	-147	
0	0	-147	
0	0	-147	
0	0	-147	
0	0	-147	
0	0	-147	
0	0	-147	
0	0	-147	
0	0	-147	
0	0	-147	
0	0	-147	
0	0	-147	
0	0	-147	
0	0	-147	
0	0	-147	
0	0	-147	
0	0	-147	
0	0	-147	
0	0	-147	
0	0	-147	
0	0	-147	
0	0	-147	
0	0	-147	
0	0	-147	
0	0	-147	
0	0	-147	
0	0	-147	
0	0	-147	
0	0	-147	
0	0	-147	
0	0	-147	
0	0	-147	
0	0	-147	
0	0	-147	
0	0	-147	
0	0	-147	
0	0	-147	
0	0	-147	
0	0	-147	
0	0	-147	
0	0	-147	
0	0	-147	
0	0	-147	
0	0	-147	
0	0	-147	
0	0	-147	
0	0	-147	
0	0	-147	
0	0	-147	
0	0	-147	
0	0	-147	
0	0	-147	
0	0	-147	
0	0	-147	
0	0	-147	
0	0	-147	
0	0	-147	
0	0	-147	
0	0	-147	
0	0	-147	
0	0	-147	
0	0	-147	
0	0	-147	
0	0	-5.50912	
0	0	-5.45598	
0	0	-5.40259	
0	0	-5.349	
0	0	-5.29527	
0	0	-5.24143	
0	0	-5.18757	
0	0	-5.13367	
0	0	-5.07941	
0	0	-5.02511	
0	0	-4.97083	
0	0	-4.91661	
0	0	-4.86248	
0	0	-4.80846	
0	0	-4.75457	
0	0	-4.70084	
0	0	-4.64729	
0	0	-4.59393	
0	0	-4.54075	
0	0	-4.48775	
0	0	-4.43505	
0	0	-4.38275	
0	0	-4.33078	
0	0	-4.27919	
0	0	-4.22796	
0	0	-4.17705	
0	0	-4.12656	
0	0	-4.07643	
0	0	-4.02629	
0	0	-3.97687	
0	0	-3.92783	
0	0	-2.09878	
0	0	-2.12328	
0	0	-2.14854	
0	0	-2.17459	
0	0	-2.20145	
0	0	-2.22915	
0	0	-2.25772	
0	0	-2.28719	
0	0	-2.31759	
0	0	-2.34895	
0	0	-2.38131	
0	0	-2.4147	
0	0	-2.44916	
0	0	-2.48469	
0	0	-2.52131	
0	0	-2.55924	
0	0	-2.5984	
0	0	-2.63886	
0	0	-2.68066	
0	0	-2.72389	
0	0	-2.76864	
0	0	-2.81469	
0	0	-2.8625	
0	0	-2.91199	
0	0	-2.96323	
0	0	-3.0163	
0	0	-3.07128	
0	0	-3.12828	
0	0	-3.18739	
0	0	-3.24872	
0	0	-3.31237	
0	0	-147	
0	0	-147	
0	0	-147	
0	0	-147	
0	0	-147	
0	0	-147	
0	0	-147	
0	0	-147	
0	0	-147	
0	0	-147	
0	0	-147	
0	0	-147	
0	0	-147	
0	0	-147	
0	0	-147	
0	0	-147	
0	0	-147	
0	0	-147	
0	0	-147	
0	0	-147	
0	0	-147	
0	0	-147	
0	0	-147	
0	0	-147	
0	0	-147	
0	0	-147	
0	0	-147	
0	0	-147	
0	0	-147	
0	0	-147	
0	0	-147	
0	0	-147	
0	0	-147	
0	0	-147	
0	0	-147	
0	0	-147	
0	0	-147	
0	0	-147	
0	0	-147	
0	0	-147	
0	0	-147	
0	0	-147	
0	0	-147	
0	0	-147	
0	0	-147	
0	0	-147	
0	0	-147	
0	0	-147	
0	0	-147	
0	0	-147	
0	0	-147	
0	0	-147	
0	0	-147	
0	0	-147	
0	0	-147	
0	0	-147	
0	0	-147	
0	0	-147	
0	0	-147	
0	0	-147	
0	0	-147	
0	0	-147	
0	0	-147	
0	0	-147	
0	0	-147	
0	0	-147	
0	0	-147	
0	0	-147	
0	0	-147	
0	0	-147	
0	0	-147	
0	0	-147	
0	0	-147	
0	0	-147	
0	0	-147	
0	0	-147	
0	0	-147	
0	0	-147	
0	0	-147	
0	0	-147	
0	0	-147	
0	0	-147	
0	0	-147	
0	0	-147	
0	0	-147	
0	0	-147	
0	0	-147	
0	0	-147	
0	0	-147	
0	0	-147	
0	0	-147	
0	0	-147	
0	0	-147	
0	0	-147	
0	0	-147	
0	0	-147	
0	0	-147	
0	0	-147	
0	0	-147	
0	0	-147	
0	0	-147	
0	0	-147	
0	0	-147	
0	0	-147	
0	0	-147	
0	0	-147	
0	0	-147	
0	0	-147	
0	0	-147	
0	0	-147	
0	0	-147	
0	0	-147	
0	0	-147	
0	0	-147	
0	0	-147	
0	0	-147	
0	0	-147	
0	0	-147	
0	0	-147	
0	0	-147	
0	0	-147	
0	0	-147	
0	0	-147	
0	0	-147	
0	0	-147	
0	0	-147	
0	0	-147	
0	0	-147	
0	0	-147	
0	0	-147	
0	0	-147	
0	0	-147	
0	0	-147	
0	0	-147	
0	0	-147	
0	0	-147	
0	0	-147	
0	0	-147	
0	0	-147	
0	0	-147	
0	0	-147	
0	0	-147	
0	0	-147	
0	0	-147	
0	0	-147	
0	0	-147	
0	0	-147	
0	0	-147	
0	0	-147	
0	0	-147	
0	0	-147	
0	0	-147	
0	0	-147	
0	0	-147	
0	0	-147	
0	0	-147	
0	0	-147	
0	0	-147	
0	0	-147	
0	0	-147	
0	0	-147	
0	0	-147	
0	0	-147	
0	0	-147	
0	0	-147	
0	0	-147	
0	0	-147	
0	0	-147	
0	0	-147	
0	0	-147	
0	0	-147	
0	0	-147	
0	0	-147	
0	0	-147	
0	0	-147	
0	0	-147	
0	0	-147	
0	0	-147	
0	0	-147	
0	0	-147	
0	0	-147	
0	0	-147	
0	0	-147	
0	0	-147	
0	0	-147	
0	0	-147	
0	0	-147	
0	0	-147	
0	0	-147	
0	0	-147	
0	0	-147	
0	0	-147	
0	0	-147	
0	0	-147	
0	0	-147	
0	0	-147	
0	0	-147	
0	0	-147	
0	0	-147	
0	0	-147	
0	0	-147	
0	0	-147	
0	0	-147	
0	0	-147	
0	0	-147	
0	0	-147	
0	0	-147	
0	0	-147	
0	0	-147	
0	0	-147	
0	0	-147	
0	0	-147	
0	0	-147	
0	0	-147	
0	0	-147	
0	0	-147	
0	0	-147	
0	0	-147	
0	0	-147	
0	0	-147	
0	0	-147	
0	0	-147	
0	0	-147	
0	0	-147	
0	0	-147	
0	0	-147	
0	0	-147	
0	0	-147	
0	0	-147	
0	0	-147	
0	0	-147	
0	0	-147	
0	0	-147	
0	0	-147	
0	0	-147	
0	0	-147	
0	0	-147	
0	0	-147	
0	0	-147	
0	0	-147	
0	0	-147	
0	0	-147	
0	0	-147	
0	0	-147	
0	0	-147	
0	0	-147	
0	0	-147	
0	0	-147	
0	0	-147	
0	0	-147	
0	0	-147	
0	0	-147	
0	0	-147	
0	0	-147	
0	0	-147	
0	0	-147	
0	0	-147	
0	0	-147	
0	0	-147	
0	0	-147	
0	0	-147	
0	0	-147	
0	0	-147	
0	0	-147	
0	0	-147	
0	0	-147	
0	0	-147	
0	0	-147	
0	0	-147	
0	0	-147	
0	0	-147	
0	0	-147	
0	0	-147	
0	0	-147	
0	0	-147	
0	0	-147	
0	0	-147	
0	0	-147	
0	0	-147	
0	0	-147	
0	0	-147	
0	0	-147	
0	0	-147	
0	0	-147	
0	0	-147	
0	0	-147	
0	0	-147	
0	0	-147	
0	0	-147	
0	0	-147	
0	0	-147	
0	0	-147	
0	0	-147	
0	0	-147	
0	0	-147	
0	0	-147	
0	0	-147	
0	0	-147	
0	0	-147	
0	0	-147	
0	0	-147	
0	0	-147	
0	0	-147	
0	0	-147	
0	0	-147	
0	0	-147	
0	0	-147	
0	0	-147	
0	0	-147	
0	0	-147	
0	0	-147	
0	0	-147	
0	0	-147	
0	0	-147	
0	0	-147	
0	0	-147	
0	0	-147	
0	0	-147	
0	0	-147	
0	0	-147	
0	0	-147	
0	0	-147	
0	0	-147	
0	0	-147	
0	0	-147	
0	0	-147	
0	0	-147	
0	0	-147	
0	0	-147	
0	0	-147	
0	0	-147	
0	0	-147	
0	0	-147	
0	0	-147	
0	0	-147	
0	0	-147	
0	0	-147	
0	0	-147	
0	0	-147	
0	0	-147	
0	0	-147	
0	0	-147	
0	0	-147	
0	0	-147	
0	0	-147	
0	0	-147	
0	0	-147	
0	0	-147	
0	0	-147	
0	0	-147	
0	0	-147	
0	0	-147	
0	0	-147	
0	0	-147	
0	0	-147	
0	0	-147	
0	0	-147	
0	0	-147	
0	0	-147	
0	0	-147	
0	0	-147	
0	0	-147	
0	0	-147	
0	0	-147	
0	0	-147	
0	0	-147	
0	0	-147	
0	0	-147	
0	0	-147	
0	0	-147	
0	0	-147	
0	0	-147	
0	0	-147	
0	0	-147	
0	0	-147	
0	0	-147	
0	0	-147	
0	0	-147	
0	0	-147	
0	0	-147	
0	0	-147	
0	0	-147	
0	0	-147	
0	0	-147	
0	0	-147	
0	0	-147	
0	0	-147	
0	0	-147	
0	0	-147	
0	0	-147	
0	0	-147	
0	0	-147	
0	0	-147	
0	0	-147	
0	0	-147	
0	0	-147	
0	0	-147	
0	0	-147	
0	0	-147	
0	0	-147	
0	0	-147	
0	0	-147	
0	0	-147	
0	0	-147	
0	0	-147	
0	0	-147	
0	0	-147	
0	0	-147	
0	0	-147	
0	0	-147	
0	0	-147	
0	0	-147	
0	0	-147	
0	0	-147	
0	0	-147	
0	0	-147	
0	0	-147	
0	0	-147	
0	0	-147	
0	0	-147	
0	0	-147	
0	0	-147	
0	0	-147	
0	0	-147	
0	0	-147	
0	0	-147	
0	0	-147	
0	0	-147	
0	0	-147	
0	0	-147	
0	0	-147	
0	0	-147	
0	0	-147	
0	0	-147	
0	0	-147	
0	0	-147	
0	0	-147	
0	0	-147	
0	0	-147	
0	0	-147	
0	0	-147	
0	0	-147	
0	0	-147	
0	0	-147	
0	0	-147	
0	0	-147	
0	0	-147	
0	0	-147	
0	0	-147	
0	0	-147	
0	0	-147	
0	0	-147	
0	0	-147	
0	0	-147	
0	0	-147	
0	0	-147	
0	0	-147	
0	0	-147	
0	0	-147	
0	0	-147	
0	0	-147	
0	0	-147	
0	0	-147	
0	0	-147	
0	0	-147	
0	0	-7.33403	
0	0	-7.33454	
0	0	-7.33521	
0	0	-7.33584	
0	0	-7.33644	
0	0	-7.3374	
0	0	-7.3377	
0	0	-7.33868	
0	0	-7.33992	
0	0	-7.34167	
0	0	-7.34332	
0	0	-7.3455	
0	0	-7.34794	
0	0	-7.34916	
0	0	-7.34633	
0	0	-7.34292	
0	0	-7.33891	
0	0	-7.33529	
0	0	-7.33107	
0	0	-7.32602	
0	0	-7.32091	
0	0	-7.31545	
0	0	-7.30952	
0	0	-7.30334	
0	0	-7.29677	
0	0	-7.2896	
0	0	-7.28156	
0	0	-7.27192	
0	0	-7.26309	
0	0	-7.25464	
0	0	-7.24564	
0	0	-0.87314	
0	0	-0.869	
0	0	-0.864994	
0	0	-0.861119	
0	0	-0.857375	
0	0	-0.85376	
0	0	-0.850273	
0	0	-0.846913	
0	0	-0.843677	
0	0	-0.840565	
0	0	-0.837575	
0	0	-0.834706	
0	0	-0.831957	
0	0	-0.829326	
0	0	-0.826813	
0	0	-0.824416	
0	0	-0.822134	
0	0	-0.819966	
0	0	-0.817912	
0	0	-0.815971	
0	0	-0.814144	
0	0	-0.812433	
0	0	-0.810844	
0	0	-0.809348	
0	0	-0.807962	
0	0	-0.806678	
0	0	-0.805486	
0	0	-0.804416	
0	0	-0.80345	
0	0	-0.802587	
0	0	-0.801828	
0	0	-6.88462	
0	0	-6.89072	
0	0	-6.89641	
0	0	-6.90195	
0	0	-6.90772	
0	0	-6.91312	
0	0	-6.91898	
0	0	-6.92468	
0	0	-6.93047	
0	0	-6.93629	
0	0	-6.94177	
0	0	-6.94722	
0	0	-6.95265	
0	0	-6.95774	
0	0	-6.96294	
0	0	-6.96808	
0	0	-6.97444	
0	0	-6.98005	
0	0	-6.9856	
0	0	-6.9911	
0	0	-6.99733	
0	0	-7.0038	
0	0	-7.00951	
0	0	-7.01525	
0	0	-7.02108	
0	0	-7.02735	
0	0	-7.03396	
0	0	-7.03917	
0	0	-7.04656	
0	0	-7.05155	
0	0	-7.05734	
0	0	-147	
0	0	-147	
0	0	-147	
0	0	-147	
0	0	-147	
0	0	-147	
0	0	-147	
0	0	-147	
0	0	-147	
0	0	-147	
0	0	-147	
0	0	-147	
0	0	-147	
0	0	-147	
0	0	-147	
0	0	-147	
0	0	-147	
0	0	-147	
0	0	-147	
0	0	-147	
0	0	-147	
0	0	-147	
0	0	-147	
0	0	-147	
0	0	-147	
0	0	-147	
0	0	-147	
0	0	-147	
0	0	-147	
0	0	-147	
0	0	-147	
0	0	-147	
0	0	-147	
0	0	-147	
0	0	-147	
0	0	-147	
0	0	-147	
0	0	-147	
0	0	-147	
0	0	-147	
0	0	-147	
0	0	-147	
0	0	-147	
0	0	-147	
0	0	-147	
0	0	-147	
0	0	-147	
0	0	-147	
0	0	-147	
0	0	-147	
0	0	-147	
0	0	-147	
0	0	-147	
0	0	-147	
0	0	-147	
0	0	-147	
0	0	-147	
0	0	-147	
0	0	-147	
0	0	-147	
0	0	-147	
0	0	-147	
0	0	-147	
0	0	-147	
0	0	-147	
0	0	-147	
0	0	-147	
0	0	-147	
0	0	-147	
0	0	-147	
0	0	-147	
0	0	-147	
0	0	-147	
0	0	-147	
0	0	-147	
0	0	-147	
0	0	-147	
0	0	-147	
0	0	-147	
0	0	-147	
0	0	-147	
0	0	-147	
0	0	-147	
0	0	-147	
0	0	-147	
0	0	-147	
0	0	-147	
0	0	-147	
0	0	-147	
0	0	-147	
0	0	-147	
0	0	-147	
0	0	-147	
0	0	-147	
0	0	-147	
0	0	-147	
0	0	-147	
0	0	-147	
0	0	-147	
0	0	-147	
0	0	-147	
0	0	-147	
0	0	-147	
0	0	-147	
0	0	-147	
0	0	-147	
0	0	-147	
0	0	-147	
0	0	-147	
0	0	-147	
0	0	-147	
0	0	-147	
0	0	-147	
0	0	-147	
0	0	-147	
0	0	-147	
0	0	-147	
0	0	-147	
0	0	-147	
0	0	-147	
0	0	-147	
0	0	-147	
0	0	-147	
0	0	-147	
0	0	-147	
0	0	-147	
0	0	-147	
0	0	-147	
0	0	-147	
0	0	-147	
0	0	-147	
0	0	-147	
0	0	-147	
0	0	-147	
0	0	-147	
0	0	-147	
0	0	-147	
0	0	-147	
0	0	-147	
0	0	-147	
0	0	-147	
0	0	-147	
0	0	-147	
0	0	-147	
0	0	-147	
0	0	-147	
0	0	-147	
0	0	-147	
0	0	-147	
0	0	-147	
0	0	-147	
0	0	-147	
0	0	-147	
0	0	-147	
0	0	-147	
0	0	-147	
0	0	-147	
0	0	-147	
0	0	-147	
0	0	-147	
0	0	-147	
0	0	-147	
0	0	-147	
0	0	-147	
0	0	-147	
0	0	-147	
0	0	-147	
0	0	-147	
0	0	-147	
0	0	-147	
0	0	-147	
0	0	-147	
0	0	-147	
0	0	-147	
0	0	-147	
0	0	-147	
0	0	-147	
0	0	-147	
0	0	-147	
0	0	-147	
0	0	-147	
0	0	-147	
0	0	-147	
0	0	-147	
0	0	-147	
0	0	-147	
0	0	-147	
0	0	-147	
0	0	-147	
0	0	-147	
0	0	-147	
0	0	-147	
0	0	-147	
0	0	-147	
0	0	-147	
0	0	-147	
0	0	-147	
0	0	-147	
0	0	-147	
0	0	-147	
0	0	-147	
0	0	-147	
0	0	-147	
0	0	-147	
0	0	-147	
0	0	-147	
0	0	-147	
0	0	-147	
0	0	-147	
0	0	-147	
0	0	-147	
0	0	-147	
0	0	-147	
0	0	-147	
0	0	-147	
0	0	-147	
0	0	-147	
0	0	-147	
0	0	-147	
0	0	-147	
0	0	-147	
0	0	-147	
0	0	-147	
0	0	-147	
0	0	-147	
0	0	-147	
0	0	-147	
0	0	-147	
0	0	-147	
0	0	-147	
0	0	-147	
0	0	-147	
0	0	-147	
0	0	-147	
0	0	-147	
0	0	-147	
0	0	-147	
0	0	-147	
0	0	-147	
0	0	-147	
0	0	-147	
0	0	-147	
0	0	-147	
0	0	-147	
0	0	-147	
0	0	-147	
0	0	-147	
0	0	-147	
0	0	-147	
0	0	-147	
0	0	-147	
0	0	-147	
0	0	-147	
0	0	-147	
0	0	-147	
0	0	-147	
0	0	-147	
0	0	-147	
0	0	-147	
0	0	-147	
0	0	-147	
0	0	-147	
0	0	-147	
0	0	-147	
0	0	-147	
0	0	-147	
0	0	-147	
0	0	-147	
0	0	-147	
0	0	-147	
0	0	-147	
0	0	-147	
0	0	-147	
0	0	-147	
0	0	-147	
0	0	-147	
0	0	-147	
0	0	-147	
0	0	-147	
0	0	-147	
0	0	-147	
0	0	-147	
0	0	-147	
0	0	-147	
0	0	-147	
0	0	-147	
0	0	-147	
0	0	-147	
0	0	-147	
0	0	-147	
0	0	-147	
0	0	-147	
0	0	-147	
0	0	-147	
0	0	-147	
0	0	-147	
0	0	-147	
0	0	-147	
0	0	-147	
0	0	-147	
0	0	-147	
0	0	-147	
0	0	-147	
0	0	-147	
0	0	-147	
0	0	-147	
0	0	-147	
0	0	-147	
0	0	-147	
0	0	-147	
0	0	-147	
0	0	-147	
0	0	-147	
0	0	-147	
0	0	-147	
0	0	-147	
0	0	-147	
0	0	-147	
0	0	-147	
0	0	-147	
0	0	-147	
0	0	-147	
0	0	-147	
0	0	-147	
0	0	-147	
0	0	-147	
0	0	-147	
0	0	-147	
0	0	-147	
0	0	-147	
0	0	-147	
0	0	-147	
0	0	-147	
0	0	-147	
0	0	-147	
0	0	-147	
0	0	-147	
0	0	-147	
0	0	-147	
0	0	-147	
0	0	-147	
0	0	-3.08675	
0	0	-3.03557	
0	0	-2.98518	
0	0	-2.93559	
0	0	-2.8868	
0	0	-2.8388	
0	0	-2.7916	
0	0	-2.7452	
0	0	-2.6996	
0	0	-2.65479	
0	0	-2.61078	
0	0	-2.56755	
0	0	-2.52511	
0	0	-2.48344	
0	0	-2.44255	
0	0	-2.40242	
0	0	-2.36306	
0	0	-2.32445	
0	0	-2.28658	
0	0	-2.24945	
0	0	-2.21305	
0	0	-2.17738	
0	0	-2.14241	
0	0	-2.10815	
0	0	-2.07458	
0	0	-2.04169	
0	0	-2.00948	
0	0	-1.97793	
0	0	-1.94703	
0	0	-1.91678	
0	0	-1.88716	
0	0	-1.02256	
0	0	-1.03146	
0	0	-1.04055	
0	0	-1.04982	
0	0	-1.05927	
0	0	-1.06886	
0	0	-1.07874	
0	0	-1.08879	
0	0	-1.09906	
0	0	-1.10953	
0	0	-1.12023	
0	0	-1.13115	
0	0	-1.14229	
0	0	-1.15367	
0	0	-1.16528	
0	0	-1.17714	
0	0	-1.18925	
0	0	-1.20161	
0	0	-1.21423	
0	0	-1.22712	
0	0	-1.24028	
0	0	-1.25372	
0	0	-1.26745	
0	0	-1.28146	
0	0	-1.29578	
0	0	-1.3104	
0	0	-1.32534	
0	0	-1.34061	
0	0	-1.35624	
0	0	-1.37228	
0	0	-1.38853	
0	0	-147	
0	0	-147	
0	0	-147	
0	0	-147	
0	0	-147	
0	0	-147	
0	0	-147	
0	0	-147	
0	0	-147	
0	0	-147	
0	0	-147	
0	0	-147	
0	0	-147	
0	0	-147	
0	0	-147	
0	0	-147	
0	0	-147	
0	0	-147	
0	0	-147	
0	0	-147	
0	0	-147	
0	0	-147	
0	0	-147	
0	0	-147	
0	0	-147	
0	0	-147	
0	0	-147	
0	0	-147	
0	0	-147	
0	0	-147	
0	0	-147	
0	0	-147	
0	0	-147	
0	0	-147	
0	0	-147	
0	0	-147	
0	0	-147	
0	0	-147	
0	0	-147	
0	0	-147	
0	0	-147	
0	0	-147	
0	0	-147	
0	0	-147	
0	0	-147	
0	0	-147	
0	0	-147	
0	0	-147	
0	0	-147	
0	0	-147	
0	0	-147	
0	0	-147	
0	0	-147	
0	0	-147	
0	0	-147	
0	0	-147	
0	0	-147	
0	0	-147	
0	0	-147	
0	0	-147	
0	0	-147	
0	0	-147	
0	0	-147	
0	0	-147	
0	0	-147	
0	0	-147	
0	0	-147	
0	0	-147	
0	0	-147	
0	0	-147	
0	0	-147	
0	0	-147	
0	0	-147	
0	0	-147	
0	0	-147	
0	0	-147	
0	0	-147	
0	0	-147	
0	0	-147	
0	0	-147	
0	0	-147	
0	0	-147	
0	0	-147	
0	0	-147	
0	0	-147	
0	0	-147	
0	0	-147	
0	0	-147	
0	0	-147	
0	0	-147	
0	0	-147	
0	0	-147	
0	0	-147	
0	0	-147	
0	0	-147	
0	0	-147	
0	0	-147	
0	0	-147	
0	0	-147	
0	0	-147	
0	0	-147	
0	0	-147	
0	0	-147	
0	0	-147	
0	0	-147	
0	0	-147	
0	0	-147	
0	0	-147	
0	0	-147	
0	0	-147	
0	0	-147	
0	0	-147	
0	0	-147	
0	0	-147	
0	0	-147	
0	0	-147	
0	0	-147	
0	0	-147	
0	0	-147	
0	0	-147	
0	0	-147	
0	0	-147	
0	0	-147	
0	0	-147	
0	0	-147	
0	0	-147	
0	0	-147	
0	0	-147	
0	0	-147	
0	0	-147	
0	0	-147	
0	0	-147	
0	0	-147	
0	0	-147	
0	0	-147	
0	0	-147	
0	0	-147	
0	0	-147	
0	0	-147	
0	0	-147	
0	0	-147	
0	0	-147	
0	0	-147	
0	0	-147	
0	0	-147	
0	0	-147	
0	0	-147	
0	0	-147	
0	0	-147	
0	0	-147	
0	0	-147	
0	0	-147	
0	0	-147	
0	0	-147	
0	0	-147	
0	0	-147	
0	0	-147	
0	0	-147	
0	0	-147	
0	0	-147	
0	0	-147	
0	0	-147	
0	0	-147	
0	0	-147	
0	0	-147	
0	0	-147	
0	0	-147	
0	0	-147	
0	0	-147	
0	0	-147	
0	0	-147	
0	0	-147	
0	0	-147	
0	0	-147	
0	0	-147	
0	0	-147	
0	0	-147	
0	0	-147	
0	0	-147	
0	0	-147	
0	0	-147	
0	0	-147	
0	0	-147	
0	0	-147	
0	0	-147	
0	0	-147	
0	0	-147	
0	0	-147	
0	0	-147	
0	0	-147	
0	0	-147	
0	0	-147	
0	0	-147	
0	0	-147	
0	0	-147	
0	0	-147	
0	0	-147	
0	0	-147	
0	0	-147	
0	0	-147	
0	0	-147	
0	0	-147	
0	0	-147	
0	0	-147	
0	0	-147	
0	0	-147	
0	0	-147	
0	0	-147	
0	0	-147	
0	0	-147	
0	0	-147	
0	0	-147	
0	0	-147	
0	0	-147	
0	0	-147	
0	0	-147	
0	0	-147	
0	0	-147	
0	0	-147	
0	0	-147	
0	0	-147	
0	0	-147	
0	0	-147	
0	0	-147	
0	0	-147	
0	0	-147	
0	0	-147	
0	0	-147	
0	0	-147	
0	0	-147	
0	0	-147	
0	0	-147	
0	0	-147	
0	0	-147	
0	0	-147	
0	0	-147	
0	0	-147	
0	0	-147	
0	0	-147	
0	0	-147	
0	0	-147	
0	0	-147	
0	0	-147	
0	0	-147	
0	0	-147	
0	0	-147	
0	0	-147	
0	0	-147	
0	0	-147	
0	0	-147	
0	0	-147	
0	0	-147	
0	0	-147	
0	0	-147	
0	0	-147	
0	0	-147	
0	0	-147	
0	0	-147	
0	0	-147	
0	0	-147	
0	0	-147	
0	0	-147	
0	0	-147	
0	0	-147	
0	0	-147	
0	0	-147	
0	0	-147	
0	0	-147	
0	0	-147	
0	0	-147	
0	0	-147	
0	0	-147	
0	0	-147	
0	0	-147	
0	0	-147	
0	0	-147	
0	0	-147	
0	0	-147	
0	0	-147	
0	0	-147	
0	0	-147	
0	0	-147	
0	0	-147	
0	0	-147	
0	0	-147	
0	0	-147	
0	0	-147	
0	0	-147	
0	0	-147	
0	0	-147	
0	0	-147	
0	0	-147	
0	0	-147	
0	0	-147	
0	0	-147	
0	0	-147	
0	0	-147	
0	0	-147	
0	0	-147	
0	0	-147	
0	0	-147	
0	0	-147	
0	0	-147	
0	0	-147	
0	0	-147	
0	0	-147	
0	0	-147	
0	0	-147	
0	0	-147	
0	0	-147	
0	0	-147	
0	0	-147	
0	0	-147	
0	0	-147	
0	0	-147	
0	0	-147	
0	0	-147	
0	0	-147	
0	0	-147	
0	0	-147	
0	0	-147	
0	0	-147	
0	0	-147	
0	0	-147	
0	0	-147	
0	0	-147	
0	0	-147	
0	0	-147	
0	0	-147	
0	0	-147	
0	0	-147	
0	0	-147	
0	0	-147	
0	0	-147	
0	0	-147	
0	0	-147	
0	0	-147	
0	0	-147	
0	0	-147	
0	0	-147	
0	0	-147	
0	0	-147	
0	0	-147	
0	0	-147	
0	0	-147	
0	0	-147	
0	0	-147	
0	0	-147	
0	0	-147	
0	0	-147	
0	0	-147	
0	0	-147	
0	0	-147	
0	0	-147	
0	0	-147	
0	0	-147	
0	0	-147	
0	0	-147	
0	0	-147	
0	0	-147	
0	0	-147	
0	0	-147	
0	0	-147	
0	0	-147	
0	0	-147	
0	0	-147	
0	0	-147	
0	0	-147	
0	0	-147	
0	0	-147	
0	0	-147	
0	0	-147	
0	0	-147	
0	0	-147	
0	0	-147	
0	0	-147	
0	0	-147	
0	0	-147	
0	0	-147	
0	0	-147	
0	0	-147	
0	0	-147	
0	0	-147	
0	0	-147	
0	0	-147	
0	0	-147	
0	0	-147	
0	0	-147	
0	0	-147	
0	0	-147	
0	0	-147	
0	0	-147	
0	0	-147	
0	0	-147	
0	0	-147	
0	0	-147	
0	0	-147	
0	0	-147	
0	0	-147	
0	0	-147	
0	0	-147	
0	0	-147	
0	0	-147	
0	0	-147	
0	0	-147	
0	0	-147	
0	0	-147	
0	0	-147	
0	0	-147	
0	0	-147	
0	0	-147	
0	0	-147	
0	0	-147	
0	0	-147	
0	0	-147	
0	0	-147	
0	0	-147	
0	0	-147	
0	0	-147	
0	0	-147	
0	0	-147	
0	0	-147	
0	0	-147	
0	0	-147	
0	0	-147	
0	0	-147	
0	0	-147	
0	0	-147	
0	0	-147	
0	0	-147	
0	0	-147	
0	0	-147	
0	0	-147	
0	0	-147	
0	0	-4.79399	
0	0	-4.73112	
0	0	-4.66829	
0	0	-4.60555	
0	0	-4.54293	
0	0	-4.48048	
0	0	-4.41822	
0	0	-4.35621	
0	0	-4.29449	
0	0	-4.2331	
0	0	-4.17227	
0	0	-4.11187	
0	0	-4.05186	
0	0	-3.99227	
0	0	-3.93311	
0	0	-3.87441	
0	0	-3.81621	
0	0	-3.75852	
0	0	-3.70137	
0	0	-3.64465	
0	0	-3.58848	
0	0	-3.53289	
0	0	-3.47783	
0	0	-3.42362	
0	0	-3.37018	
0	0	-3.3174	
0	0	-3.26527	
0	0	-3.21381	
0	0	-3.16301	
0	0	-3.1129	
0	0	-3.06347	
0	0	-0.862627	
0	0	-0.867697	
0	0	-0.87288	
0	0	-0.878178	
0	0	-0.883593	
0	0	-0.889126	
0	0	-0.894782	
0	0	-0.900577	
0	0	-0.906497	
0	0	-0.912544	
0	0	-0.918719	
0	0	-0.925025	
0	0	-0.931464	
0	0	-0.938028	
0	0	-0.944715	
0	0	-0.951538	
0	0	-0.958499	
0	0	-0.9656	
0	0	-0.972848	
0	0	-0.980249	
0	0	-0.987791	
0	0	-0.995484	
0	0	-1.00333	
0	0	-1.01132	
0	0	-1.01955	
0	0	-1.02779	
0	0	-1.03644	
0	0	-1.04526	
0	0	-1.05427	
0	0	-1.06347	
0	0	-1.07284	
0	0	-147	
0	0	-147	
0	0	-147	
0	0	-147	
0	0	-147	
0	0	-147	
0	0	-147	
0	0	-147	
0	0	-147	
0	0	-147	
0	0	-147	
0	0	-147	
0	0	-147	
0	0	-147	
0	0	-147	
0	0	-147	
0	0	-147	
0	0	-147	
0	0	-147	
0	0	-147	
0	0	-147	
0	0	-147	
0	0	-147	
0	0	-147	
0	0	-147	
0	0	-147	
0	0	-147	
0	0	-147	
0	0	-147	
0	0	-147	
0	0	-147	
0	0	-147	
0	0	-147	
0	0	-147	
0	0	-147	
0	0	-147	
0	0	-147	
0	0	-147	
0	0	-147	
0	0	-147	
0	0	-147	
0	0	-147	
0	0	-147	
0	0	-147	
0	0	-147	
0	0	-147	
0	0	-147	
0	0	-147	
0	0	-147	
0	0	-147	
0	0	-147	
0	0	-147	
0	0	-147	
0	0	-147	
0	0	-147	
0	0	-147	
0	0	-147	
0	0	-147	
0	0	-147	
0	0	-147	
0	0	-147	
0	0	-147	
0	0	-147	
0	0	-147	
0	0	-147	
0	0	-147	
0	0	-147	
0	0	-147	
0	0	-147	
0	0	-147	
0	0	-147	
0	0	-147	
0	0	-147	
0	0	-147	
0	0	-147	
0	0	-147	
0	0	-147	
0	0	-147	
0	0	-147	
0	0	-147	
0	0	-147	
0	0	-147	
0	0	-147	
0	0	-147	
0	0	-147	
0	0	-147	
0	0	-147	
0	0	-147	
0	0	-147	
0	0	-147	
0	0	-147	
0	0	-147	
0	0	-147	
0	0	-147	
0	0	-147	
0	0	-147	
0	0	-147	
0	0	-147	
0	0	-147	
0	0	-147	
0	0	-147	
0	0	-147	
0	0	-147	
0	0	-147	
0	0	-147	
0	0	-147	
0	0	-147	
0	0	-147	
0	0	-147	
0	0	-147	
0	0	-147	
0	0	-147	
0	0	-147	
0	0	-147	
0	0	-147	
0	0	-147	
0	0	-147	
0	0	-147	
0	0	-147	
0	0	-147	
0	0	-147	
0	0	-147	
0	0	-147	
0	0	-147	
0	0	-147	
0	0	-147	
0	0	-147	
0	0	-147	
0	0	-147	
0	0	-147	
0	0	-147	
0	0	-147	
0	0	-147	
0	0	-147	
0	0	-147	
0	0	-147	
0	0	-147	
0	0	-147	
0	0	-147	
0	0	-147	
0	0	-147	
0	0	-147	
0	0	-147	
0	0	-147	
0	0	-147	
0	0	-147	
0	0	-147	
0	0	-147	
0	0	-147	
0	0	-147	
0	0	-147	
0	0	-147	
0	0	-147	
0	0	-147	
0	0	-147	
0	0	-147	
0	0	-147	
0	0	-147	
0	0	-147	
0	0	-147	
0	0	-147	
0	0	-147	
0	0	-147	
0	0	-147	
0	0	-147	
0	0	-147	
0	0	-147	
0	0	-147	
0	0	-147	
0	0	-147	
0	0	-147	
0	0	-147	
0	0	-147	
0	0	-147	
0	0	-147	
0	0	-147	
0	0	-147	
0	0	-147	
0	0	-147	
0	0	-147	
0	0	-147	
0	0	-147	
0	0	-147	
0	0	-147	
0	0	-147	
0	0	-147	
0	0	-147	
0	0	-147	
0	0	-147	
0	0	-147	
0	0	-147	
0	0	-147	
0	0	-147	
0	0	-147	
0	0	-147	
0	0	-147	
0	0	-147	
0	0	-147	
0	0	-147	
0	0	-147	
0	0	-147	
0	0	-147	
0	0	-147	
0	0	-147	
0	0	-147	
0	0	-147	
0	0	-147	
0	0	-147	
0	0	-147	
0	0	-147	
0	0	-147	
0	0	-147	
0	0	-147	
0	0	-147	
0	0	-147	
0	0	-147	
0	0	-147	
0	0	-147	
0	0	-147	
0	0	-147	
0	0	-147	
0	0	-147	
0	0	-147	
0	0	-147	
0	0	-147	
0	0	-147	
0	0	-147	
0	0	-147	
0	0	-147	
0	0	-147	
0	0	-147	
0	0	-147	
0	0	-147	
0	0	-147	
0	0	-147	
0	0	-147	
0	0	-147	
0	0	-147	
0	0	-147	
0	0	-147	
0	0	-147	
0	0	-147	
0	0	-147	
0	0	-147	
0	0	-147	
0	0	-147	
0	0	-147	
0	0	-147	
0	0	-147	
0	0	-147	
0	0	-147	
0	0	-147	
0	0	-147	
0	0	-147	
0	0	-147	
0	0	-147	
0	0	-147	
0	0	-147	
0	0	-147	
0	0	-147	
0	0	-147	
0	0	-147	
0	0	-147	
0	0	-147	
0	0	-147	
0	0	-147	
0	0	-147	
0	0	-147	
0	0	-147	
0	0	-147	
0	0	-147	
0	0	-147	
0	0	-147	
0	0	-147	
0	0	-147	
0	0	-147	
0	0	-147	
0	0	-147	
0	0	-147	
0	0	-147	
0	0	-147	
0	0	-147	
0	0	-147	
0	0	-147	
0	0	-147	
0	0	-147	
0	0	-147	
0	0	-147	
0	0	-147	
0	0	-147	
0	0	-147	
0	0	-147	
0	0	-147	
0	0	-147	
0	0	-147	
0	0	-147	
0	0	-147	
0	0	-147	
0	0	-147	
0	0	-147	
0	0	-147	
0	0	-147	
0	0	-147	
0	0	-147	
0	0	-147	
0	0	-147	
0	0	-147	
0	0	-147	
0	0	-147	
0	0	-147	
0	0	-147	
0	0	-147	
0	0	-147	
0	0	-147	
0	0	-147	
0	0	-147	
0	0	-147	
0	0	-147	
0	0	-147	
0	0	-147	
0	0	-147	
0	0	-147	
0	0	-147	
0	0	-147	
0	0	-147	
0	0	-147	
0	0	-147	
0	0	-147	
0	0	-147	
0	0	-147	
0	0	-147	
0	0	-147	
0	0	-147	
0	0	-147	
0	0	-147	
0	0	-147	
0	0	-147	
0	0	-147	
0	0	-147	
0	0	-147	
0	0	-147	
0	0	-147	
0	0	-147	
0	0	-147	
0	0	-147	
0	0	-147	
0	0	-147	
0	0	-147	
0	0	-147	
0	0	-147	
0	0	-147	
0	0	-147	
0	0	-147	
0	0	-147	
0	0	-147	
0	0	-147	
0	0	-147	
0	0	-147	
0	0	-147	
0	0	-147	
0	0	-147	
0	0	-147	
0	0	-147	
0	0	-147	
0	0	-147	
0	0	-147	
0	0	-147	
0	0	-147	
0	0	-147	
0	0	-147	
0	0	-147	
0	0	-147	
0	0	-147	
0	0	-147	
0	0	-147	
0	0	-147	
0	0	-147	
0	0	-147	
0	0	-147	
0	0	-147	
0	0	-147	
0	0	-147	
0	0	-147	
0	0	-147	
0	0	-147	
0	0	-147	
0	0	-147	
0	0	-147	
0	0	-147	
0	0	-147	
0	0	-147	
0	0	-147	
0	0	-147	
0	0	-147	
0	0	-147	
0	0	-147	
0	0	-147	
0	0	-147	
0	0	-147	
0	0	-147	
0	0	-147	
0	0	-147	
0	0	-147	
0	0	-147	
0	0	-147	
0	0	-147	
0	0	-147	
0	0	-147	
0	0	-147	
0	0	-147	
0	0	-147	
0	0	-147	
0	0	-147	
0	0	-147	
0	0	-147	
0	0	-147	
0	0	-147	
0	0	-147	
0	0	-147	
0	0	-147	
0	0	-147	
0	0	-147	
0	0	-147	
0	0	-147	
0	0	-147	
0	0	-147	
0	0	-147	
0	0	-147	
0	0	-147	
0	0	-147	
0	0	-147	
0	0	-147	
0	0	-147	
0	0	-147	
0	0	-147	
0	0	-147	
0	0	-147	
0	0	-147	
0	0	-147	
0	0	-147	
0	0	-147	
0	0	-147	
0	0	-147	
0	0	-147	
0	0	-147	
0	0	-147	
0	0	-147	
0	0	-147	
0	0	-147	
0	0	-147	
0	0	-147	
0	0	-147	
0	0	-147	
0	0	-147	
0	0	-147	
0	0	-147	
0	0	-147	
0	0	-147	
0	0	-147	
0	0	-147	
0	0	-147	
0	0	-147	
0	0	-147	
0	0	-147	
0	0	-147	
0	0	-7.28839	
0	0	-7.29079	
0	0	-7.29389	
0	0	-7.29617	
0	0	-7.29891	
0	0	-7.30139	
0	0	-7.30398	
0	0	-7.30661	
0	0	-7.30926	
0	0	-7.31214	
0	0	-7.31469	
0	0	-7.3173	
0	0	-7.32007	
0	0	-7.32312	
0	0	-7.32649	
0	0	-7.33023	
0	0	-7.33435	
0	0	-7.33875	
0	0	-7.34308	
0	0	-7.3474	
0	0	-7.34806	
0	0	-7.34362	
0	0	-7.33936	
0	0	-7.33514	
0	0	-7.33093	
0	0	-7.32667	
0	0	-7.32227	
0	0	-7.31762	
0	0	-7.31257	
0	0	-7.30709	
0	0	-7.30125	
0	0	-0.876309	
0	0	-0.883745	
0	0	-0.891488	
0	0	-0.899542	
0	0	-0.907912	
0	0	-0.916602	
0	0	-0.925617	
0	0	-0.93496	
0	0	-0.944636	
0	0	-0.95465	
0	0	-0.965007	
0	0	-0.975711	
0	0	-0.986768	
0	0	-0.998182	
0	0	-1.00996	
0	0	-1.0221	
0	0	-1.03462	
0	0	-1.04751	
0	0	-1.06079	
0	0	-1.07445	
0	0	-1.08851	
0	0	-1.10296	
0	0	-1.11781	
0	0	-1.13307	
0	0	-1.14874	
0	0	-1.16482	
0	0	-1.18132	
0	0	-1.19824	
0	0	-1.21557	
0	0	-1.23333	
0	0	-1.25148	
0	0	-147	
0	0	-147	
0	0	-147	
0	0	-147	
0	0	-147	
0	0	-147	
0	0	-147	
0	0	-147	
0	0	-147	
0	0	-147	
0	0	-147	
0	0	-147	
0	0	-147	
0	0	-147	
0	0	-147	
0	0	-147	
0	0	-147	
0	0	-147	
0	0	-147	
0	0	-147	
0	0	-147	
0	0	-147	
0	0	-147	
0	0	-147	
0	0	-147	
0	0	-147	
0	0	-147	
0	0	-147	
0	0	-147	
0	0	-147	
0	0	-147	
0	0	-147	
0	0	-147	
0	0	-147	
0	0	-147	
0	0	-147	
0	0	-147	
0	0	-147	
0	0	-147	
0	0	-147	
0	0	-147	
0	0	-147	
0	0	-147	
0	0	-147	
0	0	-147	
0	0	-147	
0	0	-147	
0	0	-147	
0	0	-147	
0	0	-147	
0	0	-147	
0	0	-147	
0	0	-147	
0	0	-147	
0	0	-147	
0	0	-147	
0	0	-147	
0	0	-147	
0	0	-147	
0	0	-147	
0	0	-147	
0	0	-147	
0	0	-147	
0	0	-147	
0	0	-147	
0	0	-147	
0	0	-147	
0	0	-147	
0	0	-147	
0	0	-147	
0	0	-147	
0	0	-147	
0	0	-147	
0	0	-147	
0	0	-147	
0	0	-147	
0	0	-147	
0	0	-147	
0	0	-147	
0	0	-147	
0	0	-147	
0	0	-147	
0	0	-147	
0	0	-147	
0	0	-147	
0	0	-147	
0	0	-147	
0	0	-147	
0	0	-147	
0	0	-147	
0	0	-147	
0	0	-147	
0	0	-147	
0	0	-147	
0	0	-147	
0	0	-147	
0	0	-147	
0	0	-147	
0	0	-147	
0	0	-147	
0	0	-147	
0	0	-147	
0	0	-147	
0	0	-147	
0	0	-147	
0	0	-147	
0	0	-147	
0	0	-147	
0	0	-147	
0	0	-147	
0	0	-147	
0	0	-147	
0	0	-147	
0	0	-147	
0	0	-147	
0	0	-147	
0	0	-147	
0	0	-147	
0	0	-147	
0	0	-147	
0	0	-147	
0	0	-147	
0	0	-147	
0	0	-147	
0	0	-147	
0	0	-147	
0	0	-147	
0	0	-147	
0	0	-147	
0	0	-147	
0	0	-147	
0	0	-147	
0	0	-147	
0	0	-147	
0	0	-147	
0	0	-147	
0	0	-147	
0	0	-147	
0	0	-147	
0	0	-147	
0	0	-147	
0	0	-147	
0	0	-147	
0	0	-147	
0	0	-147	
0	0	-147	
0	0	-147	
0	0	-147	
0	0	-147	
0	0	-147	
0	0	-147	
0	0	-147	
0	0	-147	
0	0	-147	
0	0	-147	
0	0	-147	
0	0	-147	
0	0	-147	
0	0	-147	
0	0	-147	
0	0	-147	
0	0	-147	
0	0	-147	
0	0	-147	
0	0	-147	
0	0	-147	
0	0	-147	
0	0	-147	
0	0	-147	
0	0	-147	
0	0	-147	
0	0	-147	
0	0	-147	
0	0	-147	
0	0	-147	
0	0	-147	
0	0	-147	
0	0	-147	
0	0	-147	
0	0	-147	
0	0	-147	
0	0	-147	
0	0	-147	
0	0	-147	
0	0	-147	
0	0	-147	
0	0	-7.33056	
0	0	-7.33078	
0	0	-7.33099	
0	0	-7.33121	
0	0	-7.33147	
0	0	-7.33187	
0	0	-7.33219	
0	0	-7.33244	
0	0	-7.33266	
0	0	-7.33289	
0	0	-7.33316	
0	0	-7.3335	
0	0	-7.33389	
0	0	-7.33375	
0	0	-7.33458	
0	0	-7.33523	
0	0	-7.33603	
0	0	-7.33695	
0	0	-7.33806	
0	0	-7.33965	
0	0	-7.34165	
0	0	-7.34408	
0	0	-7.34669	
0	0	-7.34967	
0	0	-7.34714	
0	0	-7.34383	
0	0	-7.33921	
0	0	-7.33411	
0	0	-7.32866	
0	0	-7.32287	
0	0	-7.31679	
0	0	-147	
0	0	-147	
0	0	-147	
0	0	-147	
0	0	-147	
0	0	-147	
0	0	-147	
0	0	-147	
0	0	-147	
0	0	-147	
0	0	-147	
0	0	-147	
0	0	-147	
0	0	-147	
0	0	-147	
0	0	-147	
0	0	-147	
0	0	-147	
0	0	-147	
0	0	-147	
0	0	-147	
0	0	-147	
0	0	-147	
0	0	-147	
0	0	-147	
0	0	-147	
0	0	-147	
0	0	-147	
0	0	-147	
0	0	-147	
0	0	-147	
0	0	-147	
0	0	-147	
0	0	-147	
0	0	-147	
0	0	-147	
0	0	-147	
0	0	-147	
0	0	-147	
0	0	-147	
0	0	-147	
0	0	-147	
0	0	-147	
0	0	-147	
0	0	-147	
0	0	-147	
0	0	-147	
0	0	-147	
0	0	-147	
0	0	-147	
0	0	-147	
0	0	-147	
0	0	-147	
0	0	-147	
0	0	-147	
0	0	-147	
0	0	-147	
0	0	-147	
0	0	-147	
0	0	-147	
0	0	-147	
0	0	-147	
0	0	-147	
0	0	-147	
0	0	-147	
0	0	-147	
0	0	-147	
0	0	-147	
0	0	-147	
0	0	-147	
0	0	-147	
0	0	-147	
0	0	-147	
0	0	-147	
0	0	-147	
0	0	-147	
0	0	-147	
0	0	-147	
0	0	-147	
0	0	-147	
0	0	-147	
0	0	-147	
0	0	-147	
0	0	-147	
0	0	-147	
0	0	-147	
0	0	-147	
0	0	-147	
0	0	-147	
0	0	-147	
0	0	-147	
0	0	-147	
0	0	-147	
0	0	-147	
0	0	-147	
0	0	-147	
0	0	-147	
0	0	-147	
0	0	-147	
0	0	-147	
0	0	-147	
0	0	-147	
0	0	-147	
0	0	-147	
0	0	-147	
0	0	-147	
0	0	-147	
0	0	-147	
0	0	-147	
0	0	-147	
0	0	-147	
0	0	-147	
0	0	-147	
0	0	-147	
0	0	-147	
0	0	-147	
0	0	-147	
0	0	-147	
0	0	-147	
0	0	-147	
0	0	-147	
0	0	-147	
0	0	-147	
0	0	-147	
0	0	-147	
0	0	-147	
0	0	-147	
0	0	-147	
0	0	-147	
0	0	-147	
0	0	-147	
0	0	-147	
0	0	-147	
0	0	-147	
0	0	-147	
0	0	-147	
0	0	-147	
0	0	-147	
0	0	-147	
0	0	-147	
0	0	-147	
0	0	-147	
0	0	-147	
0	0	-147	
0	0	-147	
0	0	-147	
0	0	-147	
0	0	-147	
0	0	-147	
0	0	-147	
0	0	-147	
0	0	-147	
0	0	-147	
0	0	-147	
0	0	-147	
0	0	-147	
0	0	-147	
0	0	-147	
0	0	-147	
0	0	-147	
0	0	-147	
0	0	-147	
0	0	-147	
0	0	-147	
0	0	-147	
0	0	-147	
0	0	-147	
0	0	-147	
0	0	-147	
0	0	-147	
0	0	-147	
0	0	-147	
0	0	-147	
0	0	-147	
0	0	-147	
0	0	-147	
0	0	-147	
0	0	-147	
0	0	-147	
0	0	-147	
0	0	-147	
0	0	-147	
0	0	-147	
0	0	-147	
0	0	-147	
0	0	-147	
0	0	-147	
0	0	-147	
0	0	-147	
0	0	-147	
0	0	-147	
0	0	-147	
0	0	-147	
0	0	-147	
0	0	-147	
0	0	-147	
0	0	-147	
0	0	-147	
0	0	-147	
0	0	-147	
0	0	-147	
0	0	-147	
0	0	-147	
0	0	-147	
0	0	-147	
0	0	-147	
0	0	-147	
0	0	-147	
0	0	-147	
0	0	-147	
0	0	-147	
0	0	-147	
0	0	-147	
0	0	-147	
0	0	-147	
0	0	-147	
0	0	-147	
0	0	-147	
0	0	-147	
0	0	-147	
0	0	-147	
0	0	-147	
0	0	-147	
0	0	-147	
0	0	-147	
0	0	-147	
0	0	-147	
0	0	-147	
0	0	-147	
0	0	-147	
0	0	-147	
0	0	-147	
0	0	-147	
0	0	-147	
0	0	-147	
0	0	-147	
0	0	-147	
0	0	-147	
0	0	-147	
0	0	-147	
0	0	-147	
0	0	-147	
0	0	-147	
0	0	-147	
0	0	-147	
0	0	-147	
0	0	-147	
0	0	-147	
0	0	-6.09421	
0	0	-6.06439	
0	0	-6.03422	
0	0	-6.00373	
0	0	-5.97294	
0	0	-5.9419	
0	0	-5.9107	
0	0	-5.87907	
0	0	-5.84739	
0	0	-5.81584	
0	0	-5.78448	
0	0	-5.75332	
0	0	-5.72238	
0	0	-5.69168	
0	0	-5.66123	
0	0	-5.63103	
0	0	-5.60113	
0	0	-5.57151	
0	0	-5.54222	
0	0	-5.51324	
0	0	-5.4846	
0	0	-5.45628	
0	0	-5.42829	
0	0	-5.40062	
0	0	-5.37328	
0	0	-5.34625	
0	0	-5.31954	
0	0	-5.29315	
0	0	-5.26708	
0	0	-5.24131	
0	0	-5.21584	
0	0	-147	
0	0	-147	
0	0	-147	
0	0	-147	
0	0	-147	
0	0	-147	
0	0	-147	
0	0	-147	
0	0	-147	
0	0	-147	
0	0	-147	
0	0	-147	
0	0	-147	
0	0	-147	
0	0	-147	
0	0	-147	
0	0	-147	
0	0	-147	
0	0	-147	
0	0	-147	
0	0	-147	
0	0	-147	
0	0	-147	
0	0	-147	
0	0	-147	
0	0	-147	
0	0	-147	
0	0	-147	
0	0	-147	
0	0	-147	
0	0	-147	
0	0	-147	
0	0	-147	
0	0	-147	
0	0	-147	
0	0	-147	
0	0	-147	
0	0	-147	
0	0	-147	
0	0	-147	
0	0	-147	
0	0	-147	
0	0	-147	
0	0	-147	
0	0	-147	
0	0	-147	
0	0	-147	
0	0	-147	
0	0	-147	
0	0	-147	
0	0	-147	
0	0	-147	
0	0	-147	
0	0	-147	
0	0	-147	
0	0	-147	
0	0	-147	
0	0	-147	
0	0	-147	
0	0	-147	
0	0	-147	
0	0	-147	
0	0	-147	
0	0	-147	
0	0	-147	
0	0	-147	
0	0	-147	
0	0	-147	
0	0	-147	
0	0	-147	
0	0	-147	
0	0	-147	
0	0	-147	
0	0	-147	
0	0	-147	
0	0	-147	
0	0	-147	
0	0	-147	
0	0	-147	
0	0	-147	
0	0	-147	
0	0	-147	
0	0	-147	
0	0	-147	
0	0	-147	
0	0	-147	
0	0	-147	
0	0	-147	
0	0	-147	
0	0	-147	
0	0	-147	
0	0	-147	
0	0	-147	
0	0	-147	
0	0	-147	
0	0	-147	
0	0	-147	
0	0	-147	
0	0	-147	
0	0	-147	
0	0	-147	
0	0	-147	
0	0	-147	
0	0	-147	
0	0	-147	
0	0	-147	
0	0	-147	
0	0	-147	
0	0	-147	
0	0	-147	
0	0	-147	
0	0	-147	
0	0	-147	
0	0	-147	
0	0	-147	
0	0	-147	
0	0	-147	
0	0	-147	
0	0	-147	
0	0	-147	
0	0	-147	
0	0	-147	
0	0	-147	
0	0	-147	
0	0	-147	
0	0	-147	
0	0	-147	
0	0	-147	
0	0	-147	
0	0	-147	
0	0	-147	
0	0	-147	
0	0	-147	
0	0	-147	
0	0	-147	
0	0	-147	
0	0	-147	
0	0	-147	
0	0	-147	
0	0	-147	
0	0	-147	
0	0	-147	
0	0	-147	
0	0	-147	
0	0	-147	
0	0	-147	
0	0	-147	
0	0	-147	
0	0	-147	
0	0	-147	
0	0	-147	
0	0	-147	
0	0	-147	
0	0	-147	
0	0	-147	
0	0	-147	
0	0	-147	
0	0	-147	
0	0	-147	
0	0	-147	
0	0	-147	
0	0	-147	
0	0	-147	
0	0	-147	
0	0	-147	
0	0	-147	
0	0	-147	
0	0	-147	
0	0	-147	
0	0	-147	
0	0	-147	
0	0	-147	
0	0	-147	
0	0	-147	
0	0	-147	
0	0	-147	
0	0	-147	
0	0	-147	
0	0	-147	
0	0	-147	
0	0	-147	
0	0	-147	
0	0	-147	
0	0	-147	
0	0	-147	
0	0	-147	
0	0	-147	
0	0	-147	
0	0	-147	
0	0	-147	
0	0	-147	
0	0	-147	
0	0	-147	
0	0	-147	
0	0	-147	
0	0	-147	
0	0	-147	
0	0	-147	
0	0	-147	
0	0	-147	
0	0	-147	
0	0	-147	
0	0	-147	
0	0	-147	
0	0	-147	
0	0	-147	
0	0	-147	
0	0	-147	
0	0	-147	
0	0	-147	
0	0	-147	
0	0	-147	
0	0	-147	
0	0	-147	
0	0	-147	
0	0	-147	
0	0	-147	
0	0	-2.31835	
0	0	-2.28299	
0	0	-2.24832	
0	0	-2.21428	
0	0	-2.18081	
0	0	-2.14841	
0	0	-2.11675	
0	0	-2.08616	
0	0	-2.05588	
0	0	-2.02635	
0	0	-1.99707	
0	0	-1.96924	
0	0	-1.94189	
0	0	-1.91515	
0	0	-1.88899	
0	0	-1.86344	
0	0	-1.8385	
0	0	-1.81416	
0	0	-1.79043	
0	0	-1.7673	
0	0	-1.74476	
0	0	-1.72281	
0	0	-1.70143	
0	0	-1.68059	
0	0	-1.66032	
0	0	-1.64084	
0	0	-1.62167	
0	0	-1.60309	
0	0	-1.58503	
0	0	-1.56749	
0	0	-1.55045	
0	0	-147	
0	0	-147	
0	0	-147	
0	0	-147	
0	0	-147	
0	0	-147	
0	0	-147	
0	0	-147	
0	0	-147	
0	0	-147	
0	0	-147	
0	0	-147	
0	0	-147	
0	0	-147	
0	0	-147	
0	0	-147	
0	0	-147	
0	0	-147	
0	0	-147	
0	0	-147	
0	0	-147	
0	0	-147	
0	0	-147	
0	0	-147	
0	0	-147	
0	0	-147	
0	0	-147	
0	0	-147	
0	0	-147	
0	0	-147	
0	0	-147	
0	0	-147	
0	0	-147	
0	0	-147	
0	0	-147	
0	0	-147	
0	0	-147	
0	0	-147	
0	0	-147	
0	0	-147	
0	0	-147	
0	0	-147	
0	0	-147	
0	0	-147	
0	0	-147	
0	0	-147	
0	0	-147	
0	0	-147	
0	0	-147	
0	0	-147	
0	0	-147	
0	0	-147	
0	0	-147	
0	0	-147	
0	0	-147	
0	0	-147	
0	0	-147	
0	0	-147	
0	0	-147	
0	0	-147	
0	0	-147	
0	0	-147	
0	0	-147	
0	0	-147	
0	0	-147	
0	0	-147	
0	0	-147	
0	0	-147	
0	0	-147	
0	0	-147	
0	0	-147	
0	0	-147	
0	0	-147	
0	0	-147	
0	0	-147	
0	0	-147	
0	0	-147	
0	0	-147	
0	0	-147	
0	0	-147	
0	0	-147	
0	0	-147	
0	0	-147	
0	0	-147	
0	0	-147	
0	0	-147	
0	0	-147	
0	0	-147	
0	0	-147	
0	0	-147	
0	0	-147	
0	0	-147	
0	0	-147	
0	0	-147	
0	0	-147	
0	0	-147	
0	0	-147	
0	0	-147	
0	0	-147	
0	0	-147	
0	0	-147	
0	0	-147	
0	0	-147	
0	0	-147	
0	0	-147	
0	0	-147	
0	0	-147	
0	0	-147	
0	0	-147	
0	0	-147	
0	0	-147	
0	0	-147	
0	0	-147	
0	0	-147	
0	0	-147	
0	0	-147	
0	0	-147	
0	0	-147	
0	0	-147	
0	0	-147	
0	0	-147	
0	0	-147	
0	0	-147	
0	0	-147	
0	0	-147	
0	0	-147	
0	0	-147	
0	0	-147	
0	0	-147	
0	0	-147	
0	0	-147	
0	0	-147	
0	0	-147	
0	0	-147	
0	0	-147	
0	0	-147	
0	0	-147	
0	0	-147	
0	0	-147	
0	0	-147	
0	0	-147	
0	0	-147	
0	0	-147	
0	0	-147	
0	0	-147	
0	0	-147	
0	0	-147	
0	0	-147	
0	0	-147	
0	0	-147	
0	0	-147	
0	0	-147	
0	0	-147	
0	0	-147	
0	0	-147	
0	0	-147	
0	0	-147	
0	0	-147	
0	0	-147	
0	0	-147	
0	0	-147	
0	0	-147	
0	0	-147	
0	0	-147	
0	0	-147	
0	0	-147	
0	0	-147	
0	0	-147	
0	0	-147	
0	0	-147	
0	0	-147	
0	0	-147	
0	0	-147	
0	0	-147	
0	0	-147	
0	0	-147	
0	0	-147	
0	0	-147	
0	0	-147	
0	0	-147	
0	0	-147	
0	0	-147	
0	0	-147	
0	0	-147	
0	0	-147	
0	0	-147	
0	0	-147	
0	0	-147	
0	0	-147	
0	0	-147	
0	0	-147	
0	0	-147	
0	0	-147	
0	0	-147	
0	0	-147	
0	0	-147	
0	0	-147	
0	0	-147	
0	0	-147	
0	0	-147	
0	0	-147	
0	0	-147	
0	0	-147	
0	0	-147	
0	0	-147	
0	0	-147	
0	0	-147	
0	0	-147	
0	0	-147	
0	0	-147	
0	0	-147	
0	0	-147	
0	0	-147	
0	0	-147	
0	0	-147	
0	0	-147	
0	0	-147	
0	0	-147	
0	0	-147	
0	0	-147	
0	0	-147	
0	0	-147	
0	0	-147	
0	0	-147	
0	0	-147	
0	0	-147	
0	0	-147	
0	0	-147	
0	0	-147	
0	0	-147	
0	0	-147	
0	0	-147	
0	0	-147	
0	0	-147	
0	0	-147	
0	0	-147	
0	0	-147	
0	0	-147	
0	0	-147	
0	0	-147	
0	0	-147	
0	0	-147	
0	0	-147	
0	0	-147	
0	0	-147	
0	0	-147	
0	0	-147	
0	0	-147	
0	0	-6.05888	
0	0	-5.9964	
0	0	-5.93332	
0	0	-5.86976	
0	0	-5.80583	
0	0	-5.74163	
0	0	-5.67726	
0	0	-5.61283	
0	0	-5.54844	
0	0	-5.48419	
0	0	-5.42017	
0	0	-5.35648	
0	0	-5.29321	
0	0	-5.23046	
0	0	-5.1683	
0	0	-5.10683	
0	0	-5.04612	
0	0	-4.98625	
0	0	-4.92729	
0	0	-4.86932	
0	0	-4.81241	
0	0	-4.75662	
0	0	-4.70202	
0	0	-4.64865	
0	0	-4.5966	
0	0	-4.5459	
0	0	-4.49661	
0	0	-4.44878	
0	0	-4.40247	
0	0	-4.35771	
0	0	-4.31456	
0	0	-147	
0	0	-147	
0	0	-147	
0	0	-147	
0	0	-147	
0	0	-147	
0	0	-147	
0	0	-147	
0	0	-147	
0	0	-147	
0	0	-147	
0	0	-147	
0	0	-147	
0	0	-147	
0	0	-147	
0	0	-147	
0	0	-147	
0	0	-147	
0	0	-147	
0	0	-147	
0	0	-147	
0	0	-147	
0	0	-147	
0	0	-147	
0	0	-147	
0	0	-147	
0	0	-147	
0	0	-147	
0	0	-147	
0	0	-147	
0	0	-147	
0	0	-147	
0	0	-147	
0	0	-147	
0	0	-147	
0	0	-147	
0	0	-147	
0	0	-147	
0	0	-147	
0	0	-147	
0	0	-147	
0	0	-147	
0	0	-147	
0	0	-147	
0	0	-147	
0	0	-147	
0	0	-147	
0	0	-147	
0	0	-147	
0	0	-147	
0	0	-147	
0	0	-147	
0	0	-147	
0	0	-147	
0	0	-147	
0	0	-147	
0	0	-147	
0	0	-147	
0	0	-147	
0	0	-147	
0	0	-147	
0	0	-147	
0	0	-147	
0	0	-147	
0	0	-147	
0	0	-147	
0	0	-147	
0	0	-147	
0	0	-147	
0	0	-147	
0	0	-147	
0	0	-147	
0	0	-147	
0	0	-147	
0	0	-147	
0	0	-147	
0	0	-147	
0	0	-147	
0	0	-147	
0	0	-147	
0	0	-147	
0	0	-147	
0	0	-147	
0	0	-147	
0	0	-147	
0	0	-147	
0	0	-147	
0	0	-147	
0	0	-147	
0	0	-147	
0	0	-147	
0	0	-147	
0	0	-147	
0	0	-147	
0	0	-147	
0	0	-147	
0	0	-147	
0	0	-147	
0	0	-147	
0	0	-147	
0	0	-147	
0	0	-147	
0	0	-147	
0	0	-147	
0	0	-147	
0	0	-147	
0	0	-147	
0	0	-147	
0	0	-147	
0	0	-147	
0	0	-147	
0	0	-147	
0	0	-147	
0	0	-147	
0	0	-147	
0	0	-147	
0	0	-147	
0	0	-147	
0	0	-147	
0	0	-147	
0	0	-147	
0	0	-147	
0	0	-147	
0	0	-147	
0	0	-147	
0	0	-147	
0	0	-147	
0	0	-147	
0	0	-147	
0	0	-147	
0	0	-147	
0	0	-147	
0	0	-147	
0	0	-147	
0	0	-147	
0	0	-147	
0	0	-147	
0	0	-147	
0	0	-147	
0	0	-147	
0	0	-147	
0	0	-147	
0	0	-147	
0	0	-147	
0	0	-147	
0	0	-147	
0	0	-147	
0	0	-147	
0	0	-147	
0	0	-147	
0	0	-147	
0	0	-147	
0	0	-147	
0	0	-147	
0	0	-147	
0	0	-147	
0	0	-147	
0	0	-147	
0	0	-147	
0	0	-147	
0	0	-147	
0	0	-147	
0	0	-147	
0	0	-147	
0	0	-147	
0	0	-147	
0	0	-147	
0	0	-147	
0	0	-147	
0	0	-147	
0	0	-147	
0	0	-147	
0	0	-147	
0	0	-147	
0	0	-147	
0	0	-147	
0	0	-147	
0	0	-147	
0	0	-147	
0	0	-147	
0	0	-147	
0	0	-147	
0	0	-147	
0	0	-147	
0	0	-147	
0	0	-147	
0	0	-147	
0	0	-147	
0	0	-147	
0	0	-147	
0	0	-147	
0	0	-147	
0	0	-147	
0	0	-147	
0	0	-147	
0	0	-147	
0	0	-147	
0	0	-147	
0	0	-147	
0	0	-147	
0	0	-147	
0	0	-147	
0	0	-147	
0	0	-147	
0	0	-147	
0	0	-147	
0	0	-147	
0	0	-147	
0	0	-147	
0	0	-147	
0	0	-147	
0	0	-147	
0	0	-147	
0	0	-147	
0	0	-147	
0	0	-147	
0	0	-147	
0	0	-1.02359	
0	0	-1.01262	
0	0	-1.00179	
0	0	-0.991103	
0	0	-0.98055	
0	0	-0.970125	
0	0	-0.959824	
0	0	-0.949653	
0	0	-0.939597	
0	0	-0.929655	
0	0	-0.919769	
0	0	-0.910035	
0	0	-0.900443	
0	0	-0.891004	
0	0	-0.881687	
0	0	-0.872514	
0	0	-0.86348	
0	0	-0.854586	
0	0	-0.845833	
0	0	-0.837229	
0	0	-0.828782	
0	0	-0.820512	
0	0	-0.812379	
0	0	-0.804392	
0	0	-0.796555	
0	0	-0.788869	
0	0	-0.781329	
0	0	-0.773942	
0	0	-0.766643	
0	0	-0.75952	
0	0	-0.75256	
0	0	-147	
0	0	-147	
0	0	-147	
0	0	-147	
0	0	-147	
0	0	-147	
0	0	-147	
0	0	-147	
0	0	-147	
0	0	-147	
0	0	-147	
0	0	-147	
0	0	-147	
0	0	-147	
0	0	-147	
0	0	-147	
0	0	-147	
0	0	-147	
0	0	-147	
0	0	-147	
0	0	-147	
0	0	-147	
0	0	-147	
0	0	-147	
0	0	-147	
0	0	-147	
0	0	-147	
0	0	-147	
0	0	-147	
0	0	-147	
0	0	-147	
0	0	-147	
0	0	-147	
0	0	-147	
0	0	-147	
0	0	-147	
0	0	-147	
0	0	-147	
0	0	-147	
0	0	-147	
0	0	-147	
0	0	-147	
0	0	-147	
0	0	-147	
0	0	-147	
0	0	-147	
0	0	-147	
0	0	-147	
0	0	-147	
0	0	-147	
0	0	-147	
0	0	-147	
0	0	-147	
0	0	-147	
0	0	-147	
0	0	-147	
0	0	-147	
0	0	-147	
0	0	-147	
0	0	-147	
0	0	-147	
0	0	-147	
0	0	-147	
0	0	-147	
0	0	-147	
0	0	-147	
0	0	-147	
0	0	-147	
0	0	-147	
0	0	-147	
0	0	-147	
0	0	-147	
0	0	-147	
0	0	-147	
0	0	-147	
0	0	-147	
0	0	-147	
0	0	-147	
0	0	-147	
0	0	-147	
0	0	-147	
0	0	-147	
0	0	-147	
0	0	-147	
0	0	-147	
0	0	-147	
0	0	-147	
0	0	-147	
0	0	-147	
0	0	-147	
0	0	-147	
0	0	-147	
0	0	-147	
0	0	-147	
0	0	-147	
0	0	-147	
0	0	-147	
0	0	-147	
0	0	-147	
0	0	-147	
0	0	-147	
0	0	-147	
0	0	-147	
0	0	-147	
0	0	-147	
0	0	-147	
0	0	-147	
0	0	-147	
0	0	-147	
0	0	-147	
0	0	-147	
0	0	-147	
0	0	-147	
0	0	-147	
0	0	-147	
0	0	-147	
0	0	-147	
0	0	-147	
0	0	-147	
0	0	-147	
0	0	-147	
0	0	-147	
0	0	-147	
0	0	-147	
0	0	-147	
0	0	-147	
0	0	-147	
0	0	-147	
0	0	-147	
0	0	-147	
0	0	-147	
0	0	-147	
0	0	-147	
0	0	-147	
0	0	-147	
0	0	-147	
0	0	-147	
0	0	-147	
0	0	-147	
0	0	-147	
0	0	-147	
0	0	-147	
0	0	-147	
0	0	-147	
0	0	-147	
0	0	-147	
0	0	-147	
0	0	-147	
0	0	-147	
0	0	-147	
0	0	-147	
0	0	-147	
0	0	-147	
0	0	-147	
0	0	-147	
0	0	-147	
0	0	-147	
0	0	-147	
0	0	-147	
0	0	-147	
0	0	-147	
0	0	-147	
0	0	-147	
0	0	-147	
0	0	-147	
0	0	-147	
0	0	-147	
0	0	-147	
0	0	-147	
0	0	-147	
0	0	-147	
0	0	-147	
0	0	-147	
0	0	-147	
0	0	-147	
0	0	-147	
0	0	-147	
0	0	-147	
0	0	-147	
0	0	-147	
0	0	-147	
0	0	-147	
0	0	-147	
0	0	-147	
0	0	-147	
0	0	-147	
0	0	-147	
0	0	-147	
0	0	-147	
0	0	-147	
0	0	-147	
0	0	-147	
0	0	-147	
0	0	-147	
0	0	-147	
0	0	-147	
0	0	-147	
0	0	-147	
0	0	-147	
0	0	-147	
0	0	-147	
0	0	-147	
0	0	-147	
0	0	-147	
0	0	-147	
0	0	-147	
0	0	-147	
0	0	-147	
0	0	-147	
0	0	-147	
0	0	-147	
0	0	-147	
0	0	-147	
0	0	-147	
0	0	-147	
0	0	-147	
0	0	-147	
0	0	-147	
0	0	-147	
0	0	-147	
0	0	-147	
0	0	-147	
0	0	-147	
0	0	-147	
0	0	-147	
0	0	-147	
0	0	-147	
0	0	-147	
0	0	-147	
0	0	-147	
0	0	-147	
0	0	-147	
0	0	-147	
0	0	-147	
0	0	-147	
0	0	-147	
0	0	-147	
0	0	-147	
0	0	-147	
0	0	-147	
0	0	-147	
0	0	-147	
0	0	-147	
0	0	-147	
0	0	-147	
0	0	-147	
0	0	-147	
0	0	-147	
0	0	-7.12282	
0	0	-7.09607	
0	0	-7.06751	
0	0	-7.03712	
0	0	-7.00487	
0	0	-6.97074	
0	0	-6.93474	
0	0	-6.89677	
0	0	-6.85675	
0	0	-6.81465	
0	0	-6.77108	
0	0	-6.72967	
0	0	-6.68677	
0	0	-6.64233	
0	0	-6.59633	
0	0	-6.54874	
0	0	-6.49954	
0	0	-6.44874	
0	0	-6.39634	
0	0	-6.34239	
0	0	-6.2869	
0	0	-6.22994	
0	0	-6.17154	
0	0	-6.11179	
0	0	-6.05077	
0	0	-5.98855	
0	0	-5.92449	
0	0	-5.86079	
0	0	-5.79319	
0	0	-5.72483	
0	0	-5.6558	
0	0	-147	
0	0	-147	
0	0	-147	
0	0	-147	
0	0	-147	
0	0	-147	
0	0	-147	
0	0	-147	
0	0	-147	
0	0	-147	
0	0	-147	
0	0	-147	
0	0	-147	
0	0	-147	
0	0	-147	
0	0	-147	
0	0	-147	
0	0	-147	
0	0	-147	
0	0	-147	
0	0	-147	
0	0	-147	
0	0	-147	
0	0	-147	
0	0	-147	
0	0	-147	
0	0	-147	
0	0	-147	
0	0	-147	
0	0	-147	
0	0	-147	
0	0	-147	
0	0	-147	
0	0	-147	
0	0	-147	
0	0	-147	
0	0	-147	
0	0	-147	
0	0	-147	
0	0	-147	
0	0	-147	
0	0	-147	
0	0	-147	
0	0	-147	
0	0	-147	
0	0	-147	
0	0	-147	
0	0	-147	
0	0	-147	
0	0	-147	
0	0	-147	
0	0	-147	
0	0	-147	
0	0	-147	
0	0	-147	
0	0	-147	
0	0	-147	
0	0	-147	
0	0	-147	
0	0	-147	
0	0	-147	
0	0	-147	
0	0	-147	
0	0	-147	
0	0	-147	
0	0	-147	
0	0	-147	
0	0	-147	
0	0	-147	
0	0	-147	
0	0	-147	
0	0	-147	
0	0	-147	
0	0	-147	
0	0	-147	
0	0	-147	
0	0	-147	
0	0	-147	
0	0	-147	
0	0	-147	
0	0	-147	
0	0	-147	
0	0	-147	
0	0	-147	
0	0	-147	
0	0	-147	
0	0	-147	
0	0	-147	
0	0	-147	
0	0	-147	
0	0	-147	
0	0	-147	
0	0	-147	
0	0	-147	
0	0	-147	
0	0	-147	
0	0	-147	
0	0	-147	
0	0	-147	
0	0	-147	
0	0	-147	
0	0	-147	
0	0	-147	
0	0	-147	
0	0	-147	
0	0	-147	
0	0	-147	
0	0	-147	
0	0	-147	
0	0	-147	
0	0	-147	
0	0	-147	
0	0	-147	
0	0	-147	
0	0	-147	
0	0	-147	
0	0	-147	
0	0	-147	
0	0	-147	
0	0	-147	
0	0	-147	
0	0	-147	
0	0	-147	
0	0	-147	
0	0	-147	
0	0	-147	
0	0	-147	
0	0	-147	
0	0	-147	
0	0	-147	
0	0	-147	
0	0	-147	
0	0	-147	
0	0	-147	
0	0	-147	
0	0	-147	
0	0	-147	
0	0	-147	
0	0	-147	
0	0	-147	
0	0	-147	
0	0	-147	
0	0	-147	
0	0	-147	
0	0	-147	
0	0	-147	
0	0	-147	
0	0	-147	
0	0	-147	
0	0	-147	
0	0	-147	
0	0	-147	
0	0	-147	
0	0	-147	
0	0	-147	
0	0	-147	
0	0	-147	
0	0	-147	
0	0	-147	
0	0	-147	
0	0	-147	
0	0	-147	
0	0	-147	
0	0	-147	
0	0	-147	
0	0	-147	
0	0	-147	
0	0	-147	
0	0	-147	
0	0	-147	
0	0	-147	
0	0	-147	
0	0	-147	
0	0	-147	
0	0	-147	
0	0	-147	
0	0	-147	
0	0	-147	
0	0	-147	
0	0	-147	
0	0	-147	
0	0	-147	
0	0	-147	
0	0	-147	
0	0	-147	
0	0	-147	
0	0	-147	
0	0	-147	
0	0	-147	
0	0	-147	
0	0	-147	
0	0	-147	
0	0	-147	
0	0	-147	
0	0	-147	
0	0	-147	
0	0	-147	
0	0	-147	
0	0	-147	
0	0	-147	
0	0	-147	
0	0	-147	
0	0	-147	
0	0	-147	
0	0	-147	
0	0	-147	
0	0	-147	
0	0	-147	
0	0	-147	
0	0	-147	
0	0	-147	
0	0	-147	
0	0	-147	
0	0	-147	
0	0	-147	
0	0	-147	
0	0	-147	
0	0	-147	
0	0	-147	
0	0	-147	
0	0	-147	
0	0	-147	
0	0	-147	
0	0	-147	
0	0	-147	
0	0	-147	
0	0	-147	
0	0	-147	
0	0	-147	
0	0	-147	
0	0	-147	
0	0	-147	
0	0	-147	
0	0	-147	
0	0	-147	
0	0	-147	
0	0	-147	
0	0	-147	
0	0	-147	
0	0	-147	
0	0	-147	
0	0	-147	
0	0	-147	
0	0	-147	
0	0	-147	
0	0	-147	
0	0	-147	
0	0	-147	
0	0	-147	
0	0	-147	
0	0	-147	
0	0	-147	
0	0	-147	
0	0	-147	
0	0	-147	
0	0	-147	
0	0	-147	
0	0	-147	
0	0	-147	
0	0	-147	
0	0	-147	
0	0	-147	
0	0	-147	
0	0	-147	
0	0	-147	
0	0	-147	
0	0	-147	
0	0	-147	
0	0	-147	
0	0	-147	
0	0	-147	
0	0	-147	
0	0	-147	
0	0	-147	
0	0	-147	
0	0	-147	
0	0	-147	
0	0	-147	
0	0	-147	
0	0	-147	
0	0	-7.32854	
0	0	-7.33188	
0	0	-7.3331	
0	0	-7.33414	
0	0	-7.33493	
0	0	-7.33528	
0	0	-7.33561	
0	0	-7.33592	
0	0	-7.3362	
0	0	-7.33645	
0	0	-7.33668	
0	0	-7.33685	
0	0	-7.33697	
0	0	-7.33705	
0	0	-7.33707	
0	0	-7.33707	
0	0	-7.33705	
0	0	-7.33699	
0	0	-7.33674	
0	0	-7.33662	
0	0	-7.33645	
0	0	-7.33624	
0	0	-7.33596	
0	0	-7.33567	
0	0	-7.33531	
0	0	-7.33489	
0	0	-7.33439	
0	0	-7.33378	
0	0	-7.333	
0	0	-7.33185	
0	0	-1.15931	
0	0	-1.16253	
0	0	-1.16612	
0	0	-1.1701	
0	0	-1.17447	
0	0	-1.17922	
0	0	-1.18438	
0	0	-1.18994	
0	0	-1.19592	
0	0	-1.20231	
0	0	-1.20912	
0	0	-1.21636	
0	0	-1.22403	
0	0	-1.23222	
0	0	-1.24087	
0	0	-1.24998	
0	0	-1.25958	
0	0	-1.26968	
0	0	-1.28027	
0	0	-1.29139	
0	0	-1.30305	
0	0	-1.31528	
0	0	-1.32799	
0	0	-1.34128	
0	0	-1.35512	
0	0	-1.36961	
0	0	-1.38473	
0	0	-1.40052	
0	0	-1.41689	
0	0	-1.43394	
0	0	-1.45169	
0	0	-147	
0	0	-147	
0	0	-147	
0	0	-147	
0	0	-147	
0	0	-147	
0	0	-147	
0	0	-147	
0	0	-147	
0	0	-147	
0	0	-147	
0	0	-147	
0	0	-147	
0	0	-147	
0	0	-147	
0	0	-147	
0	0	-147	
0	0	-147	
0	0	-147	
0	0	-147	
0	0	-147	
0	0	-147	
0	0	-147	
0	0	-147	
0	0	-147	
0	0	-147	
0	0	-147	
0	0	-147	
0	0	-147	
0	0	-147	
0	0	-147	
0	0	-147	
0	0	-147	
0	0	-147	
0	0	-147	
0	0	-147	
0	0	-147	
0	0	-147	
0	0	-147	
0	0	-147	
0	0	-147	
0	0	-147	
0	0	-147	
0	0	-147	
0	0	-147	
0	0	-147	
0	0	-147	
0	0	-147	
0	0	-147	
0	0	-147	
0	0	-147	
0	0	-147	
0	0	-147	
0	0	-147	
0	0	-147	
0	0	-147	
0	0	-147	
0	0	-147	
0	0	-147	
0	0	-147	
0	0	-147	
0	0	-147	
0	0	-7.24292	
0	0	-7.24365	
0	0	-7.24437	
0	0	-7.24509	
0	0	-7.24581	
0	0	-7.24652	
0	0	-7.24724	
0	0	-7.24796	
0	0	-7.24868	
0	0	-7.2494	
0	0	-7.25012	
0	0	-7.25084	
0	0	-7.25156	
0	0	-7.25228	
0	0	-7.253	
0	0	-7.25372	
0	0	-7.25445	
0	0	-7.25521	
0	0	-7.25601	
0	0	-7.25685	
0	0	-7.25784	
0	0	-7.25912	
0	0	-7.26076	
0	0	-7.26272	
0	0	-7.26498	
0	0	-7.26754	
0	0	-7.27042	
0	0	-7.27364	
0	0	-7.27725	
0	0	-7.28128	
0	0	-7.28576	
0	0	-1.20302	
0	0	-1.21749	
0	0	-1.23259	
0	0	-1.24833	
0	0	-1.26474	
0	0	-1.28184	
0	0	-1.29965	
0	0	-1.31819	
0	0	-1.33749	
0	0	-1.35756	
0	0	-1.37845	
0	0	-1.40019	
0	0	-1.42277	
0	0	-1.44636	
0	0	-1.4704	
0	0	-1.49564	
0	0	-1.52184	
0	0	-1.54911	
0	0	-1.57748	
0	0	-1.60698	
0	0	-1.63766	
0	0	-1.66958	
0	0	-1.70278	
0	0	-1.73731	
0	0	-1.77324	
0	0	-1.81063	
0	0	-1.84953	
0	0	-1.89001	
0	0	-1.93215	
0	0	-1.97601	
0	0	-2.02168	
0	0	-147	
0	0	-147	
0	0	-147	
0	0	-147	
0	0	-147	
0	0	-147	
0	0	-147	
0	0	-147	
0	0	-147	
0	0	-147	
0	0	-147	
0	0	-147	
0	0	-147	
0	0	-147	
0	0	-147	
0	0	-147	
0	0	-147	
0	0	-147	
0	0	-147	
0	0	-147	
0	0	-147	
0	0	-147	
0	0	-147	
0	0	-147	
0	0	-147	
0	0	-147	
0	0	-147	
0	0	-147	
0	0	-147	
0	0	-147	
0	0	-147	
0	0	-147	
0	0	-147	
0	0	-147	
0	0	-147	
0	0	-147	
0	0	-147	
0	0	-147	
0	0	-147	
0	0	-147	
0	0	-147	
0	0	-147	
0	0	-147	
0	0	-147	
0	0	-147	
0	0	-147	
0	0	-147	
0	0	-147	
0	0	-147	
0	0	-147	
0	0	-147	
0	0	-147	
0	0	-147	
0	0	-147	
0	0	-147	
0	0	-147	
0	0	-147	
0	0	-147	
0	0	-147	
0	0	-147	
0	0	-147	
0	0	-147	
0	0	-147	
0	0	-147	
0	0	-147	
0	0	-147	
0	0	-147	
0	0	-147	
0	0	-147	
0	0	-147	
0	0	-147	
0	0	-147	
0	0	-147	
0	0	-147	
0	0	-147	
0	0	-147	
0	0	-147	
0	0	-147	
0	0	-147	
0	0	-147	
0	0	-147	
0	0	-147	
0	0	-147	
0	0	-147	
0	0	-147	
0	0	-147	
0	0	-147	
0	0	-147	
0	0	-147	
0	0	-147	
0	0	-147	
0	0	-147	
0	0	-147	
0	0	-147	
0	0	-147	
0	0	-147	
0	0	-147	
0	0	-147	
0	0	-147	
0	0	-147	
0	0	-147	
0	0	-147	
0	0	-147	
0	0	-147	
0	0	-147	
0	0	-147	
0	0	-147	
0	0	-147	
0	0	-147	
0	0	-147	
0	0	-147	
0	0	-147	
0	0	-147	
0	0	-147	
0	0	-147	
0	0	-147	
0	0	-147	
0	0	-147	
0	0	-147	
0	0	-147	
0	0	-147	
0	0	-147	
0	0	-147	
0	0	-147	
0	0	-147	
0	0	-147	
0	0	-147	
0	0	-147	
0	0	-147	
0	0	-147	
0	0	-147	
0	0	-147	
0	0	-147	
0	0	-147	
0	0	-147	
0	0	-147	
0	0	-147	
0	0	-147	
0	0	-147	
0	0	-147	
0	0	-147	
0	0	-147	
0	0	-147	
0	0	-147	
0	0	-147	
0	0	-147	
0	0	-147	
0	0	-147	
0	0	-147	
0	0	-147	
0	0	-147	
0	0	-147	
0	0	-147	
0	0	-147	
0	0	-147	
0	0	-147	
0	0	-147	
0	0	-147	
0	0	-147	
0	0	-147	
0	0	-147	
0	0	-147	
0	0	-147	
0	0	-147	
0	0	-147	
0	0	-147	
0	0	-147	
0	0	-147	
0	0	-147	
0	0	-147	
0	0	-147	
0	0	-147	
0	0	-147	
0	0	-147	
0	0	-147	
0	0	-147	
0	0	-147	
0	0	-147	
0	0	-147	
0	0	-147	
0	0	-147	
0	0	-147	
0	0	-147	
0	0	-147	
0	0	-147	
0	0	-147	
0	0	-147	
0	0	-147	
0	0	-147	
0	0	-147	
0	0	-147	
0	0	-147	
0	0	-147	
0	0	-147	
0	0	-147	
0	0	-147	
0	0	-147	
0	0	-147	
0	0	-147	
0	0	-147	
0	0	-147	
0	0	-147	
0	0	-147	
0	0	-147	
0	0	-147	
0	0	-147	
0	0	-147	
0	0	-147	
0	0	-147	
0	0	-147	
0	0	-147	
0	0	-147	
0	0	-147	
0	0	-147	
0	0	-147	
0	0	-147	
0	0	-147	
0	0	-147	
0	0	-147	
0	0	-147	
0	0	-147	
0	0	-147	
0	0	-147	
0	0	-147	
0	0	-147	
0	0	-147	
0	0	-147	
0	0	-147	
0	0	-147	
0	0	-147	
0	0	-147	
0	0	-147	
0	0	-147	
0	0	-147	
0	0	-147	
0	0	-147	
0	0	-147	
0	0	-147	
0	0	-147	
0	0	-147	
0	0	-147	
0	0	-147	
0	0	-147	
0	0	-147	
0	0	-147	
0	0	-147	
0	0	-147	
0	0	-147	
0	0	-147	
0	0	-147	
0	0	-147	
0	0	-147	
0	0	-147	
0	0	-147	
0	0	-147	
0	0	-147	
0	0	-147	
0	0	-147	
0	0	-147	
0	0	-147	
0	0	-147	
0	0	-147	
0	0	-147	
0	0	-147	
0	0	-147	
0	0	-147	
0	0	-147	
0	0	-147	
0	0	-147	
0	0	-147	
0	0	-147	
0	0	-147	
0	0	-147	
0	0	-147	
0	0	-147	
0	0	-147	
0	0	-147	
0	0	-147	
0	0	-147	
0	0	-147	
0	0	-147	
0	0	-147	
0	0	-147	
0	0	-147	
0	0	-147	
0	0	-147	
0	0	-147	
0	0	-147	
0	0	-147	
0	0	-147	
0	0	-147	
0	0	-147	
0	0	-147	
0	0	-147	
0	0	-147	
0	0	-147	
0	0	-147	
0	0	-147	
0	0	-147	
0	0	-147	
0	0	-147	
0	0	-147	
0	0	-147	
0	0	-147	
0	0	-147	
0	0	-147	
0	0	-147	
0	0	-147	
0	0	-147	
0	0	-147	
0	0	-147	
0	0	-147	
0	0	-147	
0	0	-147	
0	0	-147	
0	0	-147	
0	0	-147	
0	0	-147	
0	0	-147	
0	0	-147	
0	0	-147	
0	0	-147	
0	0	-147	
0	0	-147	
0	0	-147	
0	0	-147	
0	0	-147	
0	0	-147	
0	0	-147	
0	0	-147	
0	0	-147	
0	0	-147	
0	0	-147	
0	0	-147	
0	0	-147	
0	0	-147	
0	0	-147	
0	0	-147	
0	0	-147	
0	0	-147	
0	0	-147	
0	0	-147	
0	0	-147	
0	0	-147	
0	0	-147	
0	0	-147	
0	0	-147	
0	0	-147	
0	0	-147	
0	0	-147	
0	0	-147	
0	0	-147	
0	0	-147	
0	0	-147	
0	0	-147	
0	0	-147	
0	0	-147	
0	0	-147	
0	0	-147	
0	0	-147	
0	0	-147	
0	0	-147	
0	0	-147	
0	0	-147	
0	0	-147	
0	0	-147	
0	0	-147	
0	0	-147	
0	0	-147	
0	0	-147	
0	0	-147	
0	0	-147	
0	0	-147	
0	0	-147	
0	0	-147	
0	0	-147	
0	0	-147	
0	0	-147	
0	0	-147	
0	0	-147	
0	0	-147	
0	0	-147	
0	0	-147	
0	0	-147	
0	0	-147	
0	0	-147	
0	0	-147	
0	0	-147	
0	0	-147	
0	0	-147	
0	0	-147	
0	0	-147	
0	0	-147	
0	0	-147	
0	0	-147	
0	0	-147	
0	0	-147	
0	0	-147	
0	0	-147	
0	0	-147	
0	0	-147	
0	0	-147	
0	0	-147	
